from_stop,AL,AS,AU,BF,BK,BM,BW,CA,CK,CM,CQ,CS,CV,CX,DG,DK,DM,DN,DS,DW,EF,EH,EI,EV,EX,FA,FF,FS,FU,GH,GJ,GK,GP,GT,GX,HA,HB,HI,HL,HM,HY,HZ,IA,IP,IR,IX,IZ,JD,JX,KD,KG,KJ,KV,KX,KZ,LB,LC,LD,LL,LQ,LU,LY,MB,MC,MH,MT,MY,NK,NN,NO,NQ,NR,NU,NV,NY,NZ,OD,OF,OG,OH,OL,PD,PF,PG,PH,PQ,PX,QF,QL,QO,QS,QU,QZ,RA,RD,RW,SC,SG,SN,SR,SS,TG,TH,TJ,TV,TW,UD,UF,UM,UN,UW,UZ,VB,VI,VN,VO,VR,VW,WB,WF,WH,WI,WK,WL,WN,WY,XD,XT,YA,YG,YH,YJ,YP,YR,ZC,ZO
AL,0.0,138.9,335.1,390.7,168.5,284.2,513.2,491.3,601.3,488.5,498.5,277.4,369.4,176.3,176.9,244.2,436.8,282.4,483.1,444.6,109.9,478.5,471.4,227.9,243.0,304.7,443.7,140.7,243.1,403.5,438.4,254.2,226.9,195.9,463.2,411.9,416.0,410.2,579.2,174.2,93.9,455.2,472.2,184.7,273.8,262.5,436.0,191.0,495.5,241.4,246.9,148.7,486.6,242.8,194.4,469.4,381.2,334.9,328.5,175.3,269.1,272.7,287.5,494.6,254.2,398.5,251.6,306.4,495.2,243.4,213.0,274.1,367.7,150.6,288.3,430.8,279.6,460.0,431.1,258.2,219.7,199.1,238.1,190.7,189.3,444.7,171.9,622.0,243.6,307.9,445.3,327.1,101.4,269.4,540.7,230.0,444.6,260.6,104.7,543.4,415.5,504.3,270.2,774.8,621.1,513.2,477.6,454.0,597.2,317.3,310.8,264.2,457.2,465.9,354.5,260.9,431.7,526.6,506.3,199.2,212.7,243.8,266.1,443.0,305.1,433.9,369.1,403.0,154.1,409.2,438.4,257.0,393.9,110.8,154.5,195.9
AS,115.6,0.0,332.4,298.2,40.7,272.0,400.6,378.7,443.6,463.7,385.9,184.3,251.3,71.2,174.2,235.1,412.0,279.7,480.4,332.0,44.8,453.7,446.6,140.5,240.3,302.0,348.4,53.3,138.0,311.0,426.2,251.5,224.2,90.5,438.4,320.8,391.2,382.1,421.5,42.9,35.9,420.9,359.6,182.0,168.7,167.7,411.2,185.9,492.8,136.3,155.8,145.6,385.5,240.1,191.7,444.6,257.2,332.2,325.8,92.2,174.3,270.0,282.5,405.4,251.5,285.9,248.9,265.4,492.5,240.7,114.3,271.4,255.1,63.2,274.3,338.3,184.8,347.4,318.5,255.5,217.0,106.0,235.4,103.7,186.6,442.0,84.5,464.3,150.5,194.2,328.8,225.4,98.7,266.7,419.6,227.3,441.9,257.9,111.4,439.4,312.4,470.0,267.5,750.0,463.4,400.6,474.9,434.0,494.7,305.1,198.2,161.2,364.7,453.7,342.7,173.5,429.0,414.0,472.6,196.5,210.0,231.6,263.4,337.3,292.9,435.9,263.5,272.7,75.4,384.4,325.8,163.9,281.3,49.2,179.6,90.8
AU,421.1,320.7,0.0,170.5,285.4,370.9,385.6,363.7,460.0,457.5,358.0,212.9,184.9,292.5,371.9,200.2,536.0,245.6,478.2,317.0,324.3,367.1,488.1,339.9,156.4,192.5,223.5,309.4,319.2,183.3,433.5,199.4,202.8,371.4,416.5,193.1,515.2,190.0,437.9,295.9,341.4,437.2,344.6,281.8,349.9,224.8,524.1,357.8,490.6,222.8,243.4,423.7,266.4,356.1,254.9,426.1,253.6,391.2,57.4,413.0,219.6,87.9,161.9,354.1,199.4,270.9,432.7,113.7,398.9,403.2,249.9,264.6,240.1,299.5,112.6,210.6,211.2,332.4,303.5,142.2,329.1,263.4,274.7,279.8,349.1,342.3,279.2,480.7,246.7,165.1,225.1,134.4,376.4,429.2,413.1,393.7,439.7,420.4,362.6,415.8,195.3,441.7,179.1,757.7,479.8,385.6,389.9,553.2,455.9,82.1,183.2,189.0,237.0,461.0,349.6,217.4,426.8,399.0,410.0,389.4,375.9,280.4,256.6,279.4,281.0,429.0,176.4,182.8,396.2,508.4,310.8,259.0,266.3,339.3,372.3,272.9
BF,407.6,307.2,146.9,0.0,271.9,316.7,268.6,273.6,329.6,469.5,253.9,335.0,140.9,309.4,355.4,230.3,518.3,268.5,451.1,206.7,310.8,379.1,461.0,335.1,165.3,204.5,52.9,304.6,376.2,36.2,406.4,198.9,185.1,357.9,428.5,21.1,482.5,201.2,307.5,282.4,327.9,449.2,245.6,264.1,406.9,320.1,497.0,341.3,463.5,314.6,304.5,438.0,95.8,339.6,306.0,438.1,163.9,364.1,110.5,399.5,326.7,99.9,209.8,250.0,198.9,171.9,416.2,211.5,410.9,385.5,270.6,235.1,150.4,294.7,210.4,40.0,337.2,215.4,204.5,180.5,312.6,256.7,283.4,266.3,331.4,354.3,274.4,350.3,301.2,262.9,68.5,232.2,390.7,411.5,296.1,359.3,412.6,402.7,394.0,339.3,106.9,453.7,192.5,769.7,349.4,268.6,401.9,535.5,380.7,129.1,275.3,280.8,66.4,433.9,322.5,203.9,399.7,322.5,422.0,372.9,359.4,277.0,229.5,207.7,253.9,401.9,274.2,113.3,382.7,490.7,212.9,314.6,186.7,334.5,443.8,329.0
BK,156.3,42.0,346.5,266.9,0.0,322.2,369.3,347.4,412.3,473.5,354.6,156.5,225.5,37.4,214.9,201.3,421.8,266.7,521.1,300.7,89.3,463.5,456.4,107.0,281.0,342.7,317.1,39.5,104.2,279.7,476.4,250.3,264.9,107.0,448.2,288.1,401.0,354.3,390.2,27.1,78.0,440.2,328.3,222.7,134.9,133.9,421.0,226.6,513.9,102.5,128.0,186.3,354.2,280.8,232.4,454.4,225.9,372.9,308.8,134.3,140.5,310.7,248.7,374.1,250.3,254.6,289.6,222.1,503.0,281.4,86.5,312.1,223.8,29.7,240.5,307.0,151.0,316.1,287.2,270.1,257.7,78.2,276.1,69.8,227.3,490.0,51.0,433.0,122.7,160.4,297.5,191.6,139.4,307.4,388.3,268.0,482.6,298.6,152.1,408.1,281.1,489.3,267.4,759.8,432.1,369.3,503.9,443.8,463.4,315.5,166.9,136.3,333.4,484.8,392.5,140.0,469.7,382.7,491.9,237.2,250.7,281.8,304.1,306.0,343.1,476.6,229.7,241.4,117.5,394.2,294.5,136.1,250.0,69.4,192.5,57.0
BM,291.7,282.8,294.4,350.0,321.9,0.0,565.1,543.2,527.3,256.9,537.5,337.1,364.4,330.2,96.9,199.2,324.0,208.4,198.8,496.5,263.3,185.2,208.7,377.6,169.0,185.3,400.2,294.1,356.9,362.8,154.1,180.2,152.9,349.3,234.6,371.2,268.5,369.5,505.2,347.9,247.3,273.7,524.1,111.2,387.6,288.2,244.7,82.8,211.2,260.5,306.6,230.7,443.2,53.2,115.0,259.5,421.7,111.8,287.8,328.7,294.8,232.0,252.6,557.0,180.2,450.4,99.5,263.1,210.9,124.0,293.0,154.7,419.6,304.0,245.0,390.1,305.3,511.9,483.0,184.2,54.1,301.1,90.3,328.8,93.8,160.4,316.9,548.0,303.3,239.9,404.6,271.1,184.1,150.0,584.1,42.5,160.3,141.2,200.6,603.9,374.8,241.1,196.2,575.8,547.1,565.1,193.3,346.0,523.2,276.6,362.7,226.7,416.5,181.6,61.1,396.9,147.4,578.5,222.0,87.0,73.5,83.9,146.7,465.8,62.9,154.3,309.2,362.3,307.5,318.1,490.3,296.7,445.8,264.2,210.3,310.6
BW,507.7,407.3,369.3,266.7,372.0,539.1,0.0,56.0,239.3,691.9,128.1,435.1,236.8,409.5,566.3,452.7,767.0,490.9,673.5,91.9,410.9,601.5,683.4,435.2,387.7,426.9,213.7,404.7,476.3,235.6,628.8,421.3,407.5,458.0,650.9,244.1,704.9,301.3,217.2,382.5,428.0,671.6,76.2,486.5,507.0,420.2,719.4,563.7,685.9,462.2,404.6,538.1,172.1,562.0,528.4,660.5,158.4,586.5,332.9,499.6,426.8,322.3,432.2,124.2,421.3,153.1,638.6,433.9,633.3,632.8,370.7,457.5,181.7,394.8,432.8,226.6,437.3,58.2,185.7,402.9,535.0,356.8,505.8,366.4,578.7,576.7,374.5,260.0,401.3,446.0,207.4,454.6,490.8,658.8,65.0,581.7,635.0,650.0,494.1,121.7,236.7,676.1,414.9,992.1,259.1,35.8,624.3,784.2,290.4,351.5,309.9,421.9,173.6,656.3,544.9,304.0,622.1,104.9,644.4,588.6,581.8,499.4,451.9,167.0,476.3,624.3,496.6,252.7,482.8,739.4,98.1,414.7,155.4,434.6,543.9,429.1
CA,516.7,416.3,364.9,273.8,381.0,534.7,66.6,0.0,183.2,687.5,152.7,444.1,232.4,418.5,573.4,448.3,776.0,486.5,669.1,87.5,419.9,597.1,679.0,444.2,383.3,422.5,222.7,413.7,485.3,286.6,624.4,416.9,403.1,467.0,646.5,253.1,700.5,310.3,161.1,391.5,437.0,667.2,20.1,482.1,516.0,429.2,715.0,559.3,681.5,471.2,413.6,547.1,181.1,557.6,524.0,656.1,154.0,582.1,328.5,508.6,435.8,317.9,427.8,148.8,416.9,162.1,634.2,429.5,628.9,641.8,379.7,453.1,187.4,403.8,428.4,235.6,446.3,114.2,194.7,398.5,530.6,365.8,501.4,375.4,587.7,572.3,383.5,203.9,410.3,455.0,216.4,450.2,499.8,667.8,50.0,577.3,630.6,659.0,503.1,65.6,245.7,671.7,410.5,987.7,203.0,82.9,619.9,793.2,234.3,347.1,308.4,430.9,182.6,651.9,540.5,313.0,617.7,48.8,640.0,590.9,577.4,495.0,447.5,191.6,471.9,619.9,492.2,248.3,491.8,748.4,93.7,423.7,151.0,443.6,552.9,438.1
CK,385.2,284.8,228.7,117.1,249.5,398.5,173.5,178.5,0.0,551.3,158.8,312.6,96.2,287.0,443.8,312.1,644.5,350.3,532.9,111.6,288.4,460.9,542.8,312.7,247.1,286.3,64.1,282.2,353.8,113.1,488.2,280.7,266.9,335.5,510.3,94.5,623.7,178.8,212.4,260.0,305.5,531.0,150.5,345.9,384.5,297.7,578.8,457.9,545.3,339.7,282.1,415.6,67.6,421.4,387.8,519.9,130.6,445.9,192.3,377.1,304.3,181.7,291.6,154.9,280.7,76.8,518.5,293.3,492.7,510.3,248.2,316.9,125.8,272.3,292.2,77.0,314.8,120.3,109.4,262.3,394.4,234.3,365.2,243.9,456.2,436.1,252.0,255.2,278.8,323.5,84.9,354.7,368.3,536.3,201.0,441.1,494.4,527.5,371.6,244.2,114.2,535.5,274.3,851.5,19.7,173.5,483.7,661.7,285.6,210.9,165.3,299.4,51.1,515.7,404.3,181.5,481.5,227.4,503.8,466.1,479.6,358.8,311.3,197.7,335.7,483.7,392.8,97.4,360.3,616.9,117.8,292.2,132.5,312.1,421.4,306.6
CM,525.5,526.1,414.0,469.6,503.2,233.7,684.7,662.8,663.4,0.0,657.1,512.0,484.0,511.0,330.7,433.0,132.5,442.2,58.0,616.1,497.1,94.6,60.2,562.6,414.3,365.6,522.6,475.4,590.7,482.4,115.7,447.9,365.4,530.6,87.8,490.8,77.0,489.1,641.3,525.2,481.1,40.0,643.7,345.0,621.4,522.0,53.2,316.6,45.6,494.3,540.4,464.9,565.5,287.0,348.8,54.2,552.7,237.3,407.4,509.1,518.7,351.6,458.8,653.2,447.9,570.0,323.9,477.7,97.6,357.8,521.4,344.0,539.2,485.3,459.6,509.7,510.3,631.5,602.6,429.5,287.9,534.9,279.6,562.6,327.6,121.1,550.7,684.1,537.1,473.7,524.2,498.4,417.9,383.8,712.2,276.3,95.2,375.0,434.4,714.9,494.4,15.8,441.5,437.5,683.2,684.7,115.5,149.7,659.3,396.2,482.3,460.5,536.1,88.6,215.7,516.5,126.3,698.1,86.5,320.8,307.3,273.2,336.0,578.5,252.2,135.3,526.5,481.9,445.1,155.8,609.9,530.5,565.4,445.5,444.1,544.4
CQ,486.0,385.6,336.6,245.0,350.3,506.4,112.7,121.7,289.1,659.2,0.0,413.4,204.1,387.8,544.6,420.0,745.3,458.2,640.8,74.8,389.2,568.8,650.7,413.5,355.0,394.2,192.0,383.0,454.6,258.3,596.1,388.6,374.8,436.3,618.2,222.4,672.2,275.6,267.0,360.8,406.3,638.9,141.9,453.8,485.3,398.5,686.7,531.0,653.2,440.5,382.9,516.4,150.4,529.3,495.7,627.8,141.3,553.8,300.2,477.9,405.1,289.6,399.5,3.4,388.6,131.4,605.9,401.2,600.6,611.1,349.0,424.8,160.0,373.1,400.1,204.9,415.6,47.9,164.0,370.2,502.3,335.1,473.1,344.7,557.0,544.0,352.8,309.8,379.6,424.3,185.7,421.9,469.1,637.1,130.3,549.0,602.3,628.3,472.4,187.4,215.0,643.4,382.2,959.4,308.9,101.1,591.6,762.5,340.2,318.8,219.9,400.2,151.9,623.6,512.2,282.3,589.4,170.6,611.7,562.6,549.1,466.7,419.2,77.0,443.6,591.6,463.9,220.0,461.1,717.7,81.0,393.0,118.8,412.9,522.2,407.4
CS,249.6,177.7,290.5,290.9,160.9,343.3,393.3,371.4,436.3,566.8,365.7,0.0,249.5,148.7,308.2,154.6,515.1,220.0,542.2,324.7,207.4,528.6,549.7,163.3,228.3,327.2,341.1,132.8,196.8,303.7,497.5,203.6,249.4,200.3,541.5,312.1,494.3,197.7,414.2,141.8,186.3,533.5,352.3,284.0,227.5,87.9,514.3,322.3,554.6,129.9,28.4,280.0,378.2,328.5,227.3,547.7,249.9,420.6,252.8,270.0,94.5,295.2,202.0,361.8,203.6,278.6,382.9,166.1,554.3,374.7,78.7,296.6,247.8,122.9,184.5,331.0,105.0,340.1,311.2,214.1,301.5,86.8,276.9,114.5,320.6,503.8,102.6,457.0,33.7,113.7,321.5,144.9,232.7,400.7,412.3,361.3,503.7,391.9,236.0,432.1,252.9,582.6,220.7,853.1,456.1,393.3,536.7,537.1,487.4,259.5,190.9,89.6,357.4,525.0,404.5,184.7,490.8,406.7,565.4,330.5,344.0,282.6,288.6,294.0,302.1,497.7,147.5,265.4,228.5,487.5,318.5,64.4,274.0,162.7,313.6,150.5
CV,409.3,308.9,132.4,41.3,273.6,352.9,308.2,313.2,455.7,455.0,293.5,336.7,0.0,311.1,340.9,215.8,503.8,254.0,436.6,246.3,312.5,364.6,446.5,336.8,150.8,190.0,92.5,306.3,377.9,54.1,442.6,184.4,170.6,359.6,414.0,113.2,468.0,202.9,433.6,284.1,329.6,432.9,285.2,249.6,408.6,321.8,482.5,325.0,449.0,298.3,306.2,439.7,135.4,325.1,291.5,423.6,106.6,349.6,96.0,401.2,280.8,85.4,195.3,291.4,184.4,135.3,401.7,195.2,396.4,371.0,266.7,220.6,152.1,296.4,195.9,81.4,302.9,255.0,244.1,166.0,298.1,258.4,268.9,268.0,316.9,339.8,276.1,476.4,302.9,300.0,95.9,217.7,392.4,397.0,329.0,344.8,398.1,388.2,395.7,378.9,108.6,489.9,178.0,755.2,475.5,308.2,387.4,519.2,451.6,112.8,229.4,264.5,107.8,417.6,306.2,205.6,385.2,263.4,458.2,358.4,344.9,260.7,215.0,209.4,290.1,385.6,259.7,140.9,384.4,476.2,252.5,316.3,188.4,336.2,407.1,330.7
CX,142.3,60.2,309.0,302.6,35.6,308.2,405.0,383.1,448.0,459.5,390.3,162.5,261.2,0.0,200.9,163.8,407.8,229.2,507.1,336.4,95.0,449.5,442.4,113.0,246.8,328.7,355.6,25.5,66.7,315.4,462.4,212.8,250.9,93.0,434.2,323.8,387.0,325.1,425.9,57.6,79.0,426.2,364.0,208.7,97.4,96.4,407.0,215.0,499.9,65.0,132.0,172.7,386.2,266.8,218.4,440.4,273.0,358.9,271.3,152.5,103.0,296.7,211.2,386.4,212.8,290.3,275.6,184.6,489.0,267.4,98.1,298.1,259.5,35.7,203.0,342.7,113.5,351.8,322.9,232.6,243.7,84.2,262.1,75.8,213.3,476.0,57.0,468.7,128.7,122.9,333.2,154.1,125.4,293.4,432.5,254.0,468.6,284.6,128.7,435.2,316.8,475.3,229.9,745.8,467.8,405.0,489.9,425.0,499.1,278.0,202.6,98.8,369.1,470.8,378.5,146.0,455.7,418.4,477.9,223.2,236.7,267.8,290.1,334.8,329.1,457.9,192.2,277.1,121.2,380.2,330.2,122.9,285.7,55.4,178.5,19.5
DG,195.8,196.4,265.6,321.2,226.0,107.8,570.7,548.8,531.8,334.2,508.7,329.0,335.6,233.8,0.0,191.1,282.5,256.5,306.7,502.1,167.4,293.1,316.6,285.4,173.5,214.6,374.2,198.2,300.6,334.0,262.0,184.7,157.4,253.4,308.9,342.4,261.7,340.7,509.7,231.7,151.4,300.9,529.7,103.1,331.3,280.1,281.7,14.0,319.1,252.4,298.5,135.2,417.1,71.4,106.9,315.1,438.7,163.5,259.0,232.8,286.7,203.2,244.5,504.8,184.7,456.0,97.3,255.0,318.8,89.1,279.5,184.0,425.2,208.1,236.9,361.3,297.2,517.5,488.6,188.7,42.7,256.6,116.6,248.2,35.0,268.3,229.4,552.5,295.2,231.8,375.8,263.0,88.2,115.1,598.2,75.7,268.2,106.3,111.8,600.9,346.0,349.0,200.7,620.5,551.6,570.7,301.2,299.7,527.7,247.8,368.3,218.6,387.7,289.5,178.1,318.4,255.3,584.1,329.9,44.9,58.4,122.3,176.0,430.1,128.1,257.5,301.1,333.5,211.6,254.9,495.9,288.6,451.4,168.3,161.6,253.4
DK,287.6,214.2,179.1,234.7,189.6,191.6,449.8,427.9,469.1,402.7,422.2,160.8,249.1,153.9,192.6,0.0,383.5,65.3,344.6,381.2,245.4,331.0,354.5,201.3,90.2,172.5,287.7,170.8,180.6,247.5,299.9,48.9,94.7,238.3,380.4,257.3,362.7,254.2,447.0,179.8,224.3,401.9,408.8,129.3,211.3,111.9,382.7,178.5,357.0,84.2,130.3,244.4,330.6,176.8,75.6,405.3,317.8,268.9,172.5,306.5,118.5,140.5,53.3,418.3,48.9,335.1,253.4,104.8,356.7,281.8,111.3,141.9,304.3,160.9,86.7,274.8,129.0,396.6,367.7,91.5,149.8,124.8,122.2,152.5,227.7,306.2,140.6,489.8,127.0,63.6,289.3,94.8,197.1,307.8,477.3,214.4,306.1,299.0,183.3,480.0,259.5,386.9,71.0,721.5,488.9,449.8,339.1,400.7,465.0,161.3,247.4,50.4,301.2,327.4,216.0,222.7,293.2,463.2,367.8,210.1,196.6,127.9,133.9,343.6,147.4,295.4,132.9,247.0,266.5,355.9,375.0,120.4,330.5,200.7,193.0,134.3
DM,413.1,438.3,459.2,514.8,444.7,279.6,729.9,708.0,708.6,107.2,702.3,557.2,529.2,452.5,315.5,385.4,0.0,423.6,160.0,661.3,404.1,139.8,90.1,504.1,384.2,410.8,567.8,416.9,519.3,527.6,145.6,395.4,368.1,472.1,124.5,536.0,59.4,534.3,686.5,466.7,388.1,116.5,688.9,390.9,550.0,567.9,54.7,362.5,147.6,540.2,523.1,352.5,610.7,332.9,394.7,130.7,597.9,283.2,452.6,450.6,563.9,396.8,428.7,698.4,395.4,615.2,369.8,447.6,179.3,353.8,489.2,389.9,584.4,426.8,429.5,554.9,555.5,676.7,647.8,399.4,333.8,475.3,325.5,466.9,299.7,166.3,448.1,729.3,519.8,519.6,569.4,468.3,305.5,379.8,757.4,322.2,176.1,371.0,329.1,760.1,539.6,123.0,411.4,436.1,728.4,729.9,180.2,17.1,704.5,441.4,527.5,506.4,581.3,118.5,261.6,561.7,156.2,743.3,168.2,291.6,305.1,319.1,381.9,623.7,298.1,194.7,571.7,527.1,386.6,97.3,655.1,576.4,610.6,387.0,378.9,472.1
DN,332.8,259.4,217.1,272.7,234.8,236.8,487.8,465.9,507.1,440.7,460.2,206.0,287.1,199.1,237.8,45.1,421.5,0.0,382.6,419.2,290.6,369.0,392.5,246.5,125.7,210.5,325.7,216.0,225.8,285.5,337.9,86.9,132.7,283.5,418.4,293.9,400.7,292.2,485.0,225.0,269.5,439.9,446.8,167.3,256.5,157.1,420.7,223.7,395.0,129.4,175.5,289.6,368.6,222.0,120.8,443.3,355.8,314.1,210.5,351.7,163.7,178.5,73.3,456.3,86.9,373.1,298.6,130.1,394.7,327.0,156.5,179.9,342.3,206.1,112.0,312.8,174.2,434.6,405.7,111.5,195.0,170.0,160.2,197.7,272.9,344.2,185.8,527.8,172.2,108.8,327.3,140.0,242.3,353.0,515.3,259.6,344.1,344.2,228.5,518.0,297.5,424.9,109.0,759.5,526.9,487.8,377.1,438.7,503.0,199.3,285.4,95.6,339.2,365.4,254.0,267.9,331.2,501.2,405.8,255.3,241.8,165.9,171.9,381.6,185.4,333.4,178.1,285.0,311.7,393.9,413.0,165.6,368.5,245.9,238.2,179.5
DS,467.4,468.0,390.8,446.4,497.6,175.6,661.5,639.6,640.2,58.0,633.9,488.8,460.8,505.9,272.6,374.9,185.9,384.1,0.0,592.9,439.0,106.2,82.0,553.3,323.4,316.5,499.4,469.8,532.6,459.2,77.7,355.9,307.3,525.0,133.4,467.6,130.4,465.9,618.1,503.3,423.0,97.1,620.5,286.9,563.3,463.9,106.6,258.5,12.3,436.2,482.3,406.8,542.3,228.9,290.7,82.9,529.5,179.2,384.2,504.4,470.5,328.4,367.9,630.0,355.9,546.8,265.8,386.8,78.4,299.7,463.3,285.9,516.0,479.7,368.7,486.5,481.0,608.3,579.4,338.6,229.8,476.8,221.5,504.5,269.5,90.1,492.6,660.9,479.0,415.6,501.0,446.8,359.8,325.7,689.0,218.2,37.1,316.9,376.3,691.7,471.2,42.2,350.6,473.8,660.0,661.5,50.3,203.1,636.1,373.0,459.1,402.4,512.9,54.9,157.6,493.3,71.0,674.9,98.1,262.7,249.2,215.1,277.9,555.3,194.1,77.2,484.9,458.7,483.2,209.2,586.7,472.4,542.2,439.9,386.0,486.3
DW,451.8,351.4,277.3,186.2,316.1,447.1,72.9,77.9,261.2,599.9,76.2,379.2,144.8,353.6,485.8,360.7,648.7,398.9,581.5,0.0,355.0,509.5,591.4,379.3,295.7,334.9,166.2,348.8,420.4,199.0,536.8,329.3,315.5,402.1,558.9,196.6,612.9,245.4,239.1,326.6,372.1,579.6,98.1,394.5,451.1,364.3,627.4,471.7,593.9,406.3,348.7,482.2,124.6,470.0,436.4,568.5,66.4,494.5,240.9,443.7,370.9,230.3,340.2,72.3,329.3,105.6,546.6,341.9,541.3,515.9,314.8,365.5,99.8,338.9,340.8,179.1,381.4,37.7,138.2,310.9,443.0,300.9,413.8,310.5,461.8,484.7,318.6,281.9,345.4,390.1,159.9,362.6,434.9,541.9,100.4,489.7,543.0,533.1,438.2,143.6,200.2,584.1,322.9,900.1,281.0,90.9,532.3,665.9,312.3,259.5,220.8,366.0,126.1,564.3,452.9,248.1,530.1,126.8,552.4,503.3,489.8,407.4,359.9,115.1,384.3,532.3,404.6,160.7,426.9,621.1,6.2,358.8,63.4,378.7,488.0,373.2
EF,96.7,34.9,313.5,300.8,66.2,262.6,403.2,381.3,446.2,431.9,388.5,196.9,259.4,95.8,155.3,222.6,380.2,260.8,461.5,334.6,0.0,421.9,414.8,147.4,221.4,283.1,353.8,60.2,162.6,313.6,416.8,232.6,205.3,115.4,406.6,322.0,359.4,388.6,424.1,70.2,17.0,398.6,362.2,163.1,193.3,182.0,379.4,169.4,473.9,160.9,166.4,127.1,384.4,221.2,172.8,412.8,271.2,313.3,306.9,91.3,188.6,251.1,265.9,384.6,232.6,288.5,230.0,269.5,473.6,221.8,132.5,252.5,257.7,70.1,266.7,340.9,199.1,350.0,321.1,236.6,198.1,118.6,216.5,110.2,167.7,423.1,91.4,466.9,163.1,207.8,331.4,239.0,79.8,247.8,430.7,208.4,423.0,239.0,83.1,433.4,315.0,447.7,248.6,718.2,466.0,403.2,456.0,397.4,497.3,295.7,200.8,183.7,367.3,444.3,332.9,180.4,410.1,416.6,450.3,177.6,191.1,222.2,244.5,333.0,283.5,412.3,277.1,275.3,74.5,352.6,328.4,176.5,283.9,30.3,132.9,115.4
EH,457.8,458.4,319.3,374.9,489.8,166.0,590.0,568.1,568.7,90.3,562.4,417.3,389.3,496.3,263.0,365.3,158.6,374.5,80.1,521.4,429.4,0.0,108.3,543.7,319.6,270.9,427.9,460.2,523.0,387.7,94.7,353.2,339.4,515.4,49.3,396.1,103.3,394.4,546.6,500.3,413.4,70.0,549.0,277.3,553.7,429.2,119.6,248.9,92.5,426.6,447.8,397.2,470.8,219.3,281.1,58.9,458.0,169.6,312.7,494.8,424.0,256.9,364.1,558.5,353.2,475.3,256.2,383.0,49.3,290.1,453.7,276.3,444.5,470.1,364.9,415.0,415.6,536.8,507.9,334.8,220.2,467.2,211.9,484.2,259.9,26.4,483.0,589.4,451.1,406.0,429.5,403.7,350.2,316.1,617.5,208.6,84.9,307.3,366.7,620.2,399.7,74.5,346.8,407.7,588.5,590.0,40.3,175.8,564.6,301.5,387.6,392.8,441.4,81.2,148.0,421.8,88.0,603.4,60.4,253.1,239.6,205.5,268.3,483.8,184.5,54.8,431.8,387.2,420.3,131.0,515.2,462.8,470.7,430.3,376.4,476.7
EI,481.2,481.8,409.0,464.6,511.4,189.4,679.7,657.8,658.4,59.4,652.1,507.0,479.0,519.7,286.4,388.7,115.2,397.9,71.0,611.1,452.8,89.6,0.0,567.1,337.2,330.3,517.6,483.6,546.4,477.4,55.4,369.7,321.1,538.8,116.8,485.8,59.7,484.1,636.3,517.1,436.8,80.1,638.7,300.7,577.1,477.7,35.9,272.3,58.6,450.0,496.1,420.6,560.5,242.7,304.5,66.3,547.7,193.0,402.4,518.2,484.3,346.6,381.7,648.2,369.7,565.0,279.6,400.6,92.6,313.5,477.1,299.7,534.2,493.5,382.5,504.7,494.8,626.5,597.6,352.4,243.6,490.6,235.3,518.3,283.3,116.1,506.4,679.1,492.8,429.4,519.2,460.6,373.6,339.5,707.2,232.0,85.9,330.7,390.1,709.9,489.4,43.6,364.4,449.6,678.2,679.7,81.1,132.4,654.3,391.2,477.3,416.2,531.1,28.4,171.4,511.5,66.0,693.1,81.5,276.5,263.0,228.9,291.7,573.5,207.9,107.0,498.7,476.9,427.8,138.5,604.9,486.2,560.4,453.7,399.8,500.1
EV,189.4,125.3,369.6,330.5,100.7,355.3,432.9,411.0,475.9,506.6,418.2,172.6,289.1,88.5,248.0,224.4,454.9,289.8,554.2,364.3,142.1,496.6,489.5,0.0,307.4,375.8,383.5,72.6,155.3,343.3,509.5,273.4,298.0,140.1,481.3,353.1,434.1,370.4,453.8,122.7,126.1,473.3,391.9,255.8,186.0,157.7,454.1,262.1,547.0,153.6,142.1,219.8,414.1,313.9,265.5,487.5,300.9,406.0,331.9,217.6,164.3,343.8,271.8,414.3,273.4,318.2,322.7,245.2,536.1,314.5,108.2,345.2,287.4,62.7,263.6,370.6,174.8,379.7,350.8,293.2,290.8,94.3,309.2,85.9,260.4,523.1,67.1,496.6,138.8,183.5,361.1,214.7,172.5,340.5,460.4,301.1,515.7,331.7,175.8,463.1,344.7,522.4,290.5,792.9,495.7,432.9,537.0,472.1,527.0,338.6,230.5,159.4,397.0,517.9,425.6,156.1,502.8,446.3,525.0,270.3,283.8,314.9,337.2,362.7,376.2,505.0,252.8,305.0,168.3,427.3,358.1,152.2,313.6,102.5,225.6,108.1
EX,375.8,302.4,113.4,169.0,277.8,173.7,384.1,362.2,420.7,379.8,356.5,211.4,183.4,242.1,180.2,104.8,379.5,128.1,321.7,315.5,322.8,308.1,331.6,289.5,0.0,138.7,222.0,259.0,268.8,181.8,277.0,47.4,46.3,326.5,357.5,190.2,358.7,188.5,398.6,268.0,312.5,396.6,343.1,125.3,299.5,184.6,367.6,168.1,334.1,172.4,218.5,230.5,264.9,166.4,166.6,382.4,252.1,234.7,106.8,394.7,179.4,92.1,44.4,352.6,47.4,269.4,243.0,63.3,333.8,246.7,199.5,108.1,238.6,249.1,45.2,209.1,171.0,330.9,302.0,15.1,139.4,213.0,118.2,240.7,192.6,283.3,228.8,441.4,215.2,114.7,223.6,84.0,183.5,272.7,411.6,204.0,283.2,263.9,274.3,414.3,193.8,364.0,27.1,698.7,440.5,384.1,316.2,396.7,416.6,95.6,181.7,138.6,235.5,304.5,193.1,215.9,270.3,397.5,344.9,199.7,186.2,123.9,100.1,277.9,124.5,272.5,126.0,181.3,354.7,351.9,309.3,208.6,264.8,288.9,284.0,222.5
FA,315.1,370.7,164.9,220.5,335.4,153.0,435.6,413.7,495.4,345.5,408.0,262.9,234.9,322.4,191.7,168.4,403.5,206.6,287.4,367.0,286.7,273.8,297.3,398.6,165.2,0.0,273.5,368.1,349.1,233.3,242.7,198.8,121.0,421.4,323.2,241.7,357.1,240.0,473.3,345.9,270.7,362.3,394.6,149.3,379.8,274.8,333.3,177.6,299.8,252.7,293.4,254.5,316.4,175.9,209.8,348.1,303.6,200.4,158.3,352.1,269.6,102.5,209.7,404.1,198.8,320.9,252.5,228.6,299.5,270.7,279.8,30.5,290.1,358.2,210.5,260.6,261.2,382.4,353.5,180.4,148.9,320.2,119.7,329.8,216.6,249.0,337.9,516.1,296.7,271.7,275.1,249.3,207.5,296.7,463.1,195.6,248.9,287.9,231.1,465.8,245.3,329.7,192.4,664.4,515.2,435.6,281.9,420.7,491.3,147.1,233.2,218.9,287.0,270.2,158.8,267.4,236.0,449.0,310.6,209.2,195.7,113.3,38.5,329.4,90.2,238.2,277.4,232.8,330.9,375.9,360.8,327.4,316.3,287.6,305.1,302.8
FF,383.8,292.9,199.9,52.9,248.1,369.7,215.6,220.6,276.6,522.5,200.9,314.0,98.8,285.6,442.4,283.3,643.1,321.5,504.1,153.7,287.0,432.1,514.0,311.3,218.3,257.5,0.0,280.8,352.4,88.0,456.6,251.9,238.1,334.1,481.5,27.5,535.5,177.4,254.5,250.4,304.1,499.4,192.6,317.1,383.1,296.3,550.0,396.7,516.5,338.3,282.7,413.8,40.1,392.6,359.0,491.1,184.1,417.1,163.5,375.7,305.7,152.9,262.8,220.4,251.9,121.7,469.2,264.5,463.9,508.9,241.2,288.1,167.9,270.9,263.4,12.9,313.4,162.4,151.5,233.5,365.6,232.9,336.4,242.9,454.8,407.3,250.6,297.3,277.4,322.1,59.8,285.2,366.9,534.9,234.6,412.3,465.6,526.1,379.6,294.9,112.8,506.7,245.5,822.7,296.4,215.6,454.9,665.1,327.7,179.3,163.9,313.4,13.4,484.1,366.4,180.1,452.7,272.3,472.2,464.7,412.4,327.2,282.5,232.9,304.1,426.1,327.2,96.0,358.9,615.5,159.9,290.8,174.6,313.5,447.8,305.2
FS,116.7,52.3,333.5,294.5,27.7,282.6,396.9,375.0,439.9,433.9,382.2,136.6,253.1,35.5,175.3,188.4,382.2,253.8,481.5,328.3,69.4,423.9,416.8,87.1,241.4,303.1,347.5,0.0,102.3,307.3,436.8,237.4,225.3,67.4,408.6,315.7,361.4,334.4,417.8,49.7,53.4,400.6,355.9,183.1,133.0,121.7,381.4,189.4,474.3,100.6,106.1,147.1,378.1,241.2,192.8,414.8,264.9,333.3,295.9,144.6,128.3,271.1,235.8,378.3,237.4,282.2,250.0,209.2,463.4,241.8,72.2,272.5,251.4,9.8,227.6,334.6,138.8,343.7,314.8,256.6,218.1,58.3,236.5,49.9,187.7,450.4,31.1,460.6,102.8,147.5,325.1,178.7,99.8,267.8,424.4,228.4,443.0,259.0,103.1,427.1,308.7,449.7,254.5,720.2,459.7,396.9,464.3,399.4,491.0,302.6,194.5,123.4,361.0,445.2,352.9,120.1,430.1,410.3,452.3,197.6,211.1,242.2,264.5,326.7,303.5,432.3,216.8,269.0,95.6,354.6,322.1,116.2,277.6,29.8,152.9,55.1
FU,211.0,128.9,357.6,371.3,104.3,376.9,473.7,451.8,516.7,528.2,459.0,211.9,329.9,68.6,269.6,212.4,476.5,277.8,575.8,405.1,163.7,518.2,511.1,181.7,295.4,385.0,424.3,94.2,0.0,384.1,531.1,261.4,307.2,161.7,502.9,392.5,455.7,373.7,494.6,134.0,147.7,494.9,432.7,277.4,36.2,145.0,475.7,281.3,568.6,113.6,181.4,241.4,458.6,335.5,285.1,509.1,330.3,427.6,319.9,221.2,151.6,353.0,259.8,464.0,261.4,359.0,344.3,233.2,557.7,336.1,161.2,354.4,328.2,104.4,251.6,411.4,162.1,420.5,391.6,281.2,312.4,152.9,330.8,144.5,282.0,544.7,125.7,537.4,178.1,171.5,401.9,202.7,194.1,362.1,498.6,322.7,537.3,353.3,197.4,512.5,385.5,544.0,278.5,814.5,536.5,473.7,558.6,498.5,567.8,326.6,271.3,138.5,437.8,539.5,438.1,214.7,524.4,487.1,546.6,291.9,305.4,336.5,346.4,410.4,397.8,531.3,240.8,345.8,189.9,448.9,398.9,171.5,354.4,124.1,275.0,68.1
GH,429.0,328.6,168.7,25.2,293.3,338.5,293.9,298.9,354.9,491.3,279.2,356.4,116.1,330.8,377.2,252.1,540.1,290.3,472.9,232.0,332.2,400.9,482.8,356.5,187.1,226.3,78.2,326.0,397.6,0.0,428.2,220.7,206.9,379.3,450.3,46.4,504.3,222.6,332.8,303.8,349.3,471.0,270.9,285.9,428.3,341.5,518.8,363.1,485.3,336.4,325.9,459.4,121.1,361.4,327.8,459.9,185.7,385.9,132.3,420.9,348.1,121.7,231.6,275.3,220.7,197.2,438.0,233.3,432.7,407.3,292.0,256.9,172.2,316.1,232.2,65.3,358.6,240.7,229.8,202.3,334.4,278.1,305.2,287.7,353.2,376.1,295.8,375.6,322.6,284.7,41.7,254.0,412.1,433.3,321.4,381.1,434.4,424.5,415.4,364.6,128.7,475.5,214.3,791.5,374.7,293.9,423.7,557.3,406.0,150.9,209.1,343.2,91.7,455.7,344.3,225.3,421.5,347.8,443.8,394.7,381.2,298.8,251.3,229.5,275.7,423.7,296.0,88.5,404.1,512.5,238.2,336.0,208.5,355.9,465.2,350.4
GJ,425.7,416.8,365.1,420.7,455.9,133.9,635.8,613.9,614.5,114.0,608.2,463.1,384.4,464.2,230.9,333.2,169.8,342.4,77.5,567.2,397.3,104.9,54.5,511.6,281.7,274.8,473.7,428.1,490.9,433.5,0.0,314.2,265.6,483.3,154.3,441.9,114.3,440.2,592.4,481.9,381.3,134.7,594.8,245.2,521.6,422.2,90.5,216.8,89.9,394.5,440.6,364.7,513.9,187.2,249.0,120.9,492.4,137.5,358.5,462.7,428.8,302.7,326.2,627.7,314.2,521.1,224.1,345.1,82.1,258.0,427.0,244.2,490.3,438.0,327.0,460.8,439.3,582.6,553.7,296.9,188.1,435.1,179.8,462.8,227.8,93.8,450.9,635.2,437.3,373.9,475.3,405.1,318.1,284.0,660.7,176.5,58.8,275.2,324.9,674.6,445.5,98.2,308.9,477.5,634.3,635.8,54.0,187.0,610.4,347.3,433.4,360.7,487.2,27.4,82.3,467.6,10.5,649.2,93.2,221.0,207.5,173.4,236.2,536.5,152.4,56.2,443.2,433.0,441.5,193.1,561.0,430.7,516.5,398.2,344.3,444.6
GK,345.0,271.6,156.4,212.0,247.0,176.1,427.1,405.2,467.5,401.1,399.5,218.2,226.4,211.3,182.6,57.3,381.9,95.5,343.0,358.5,302.8,329.4,352.9,258.7,62.0,170.9,265.0,228.2,238.0,224.8,298.3,0.0,93.1,295.7,378.8,233.2,361.1,231.5,445.4,237.2,281.7,400.3,386.1,127.7,268.7,169.3,381.1,170.5,355.4,141.6,187.7,301.8,307.9,168.8,133.0,403.7,295.1,256.0,149.8,363.9,175.9,138.9,58.0,395.6,0.0,312.4,245.4,100.9,355.1,249.1,168.7,140.3,281.6,218.3,82.8,252.1,186.4,373.9,345.0,52.7,141.8,182.2,120.6,209.9,195.0,304.6,198.0,488.2,184.4,99.0,266.6,121.6,254.5,275.1,454.6,206.4,304.5,266.3,240.7,457.3,236.8,385.3,22.0,719.9,487.3,427.1,337.5,399.1,463.4,138.6,224.7,107.8,278.5,325.8,214.4,258.9,291.6,440.5,366.2,202.1,188.6,126.3,132.3,320.9,145.8,293.8,162.3,224.3,323.9,354.3,352.3,177.8,307.8,258.1,250.4,191.7
GP,414.3,313.9,108.1,163.7,278.6,255.6,378.8,356.9,374.3,431.3,351.2,206.1,178.1,316.1,262.1,173.4,461.4,211.6,403.6,310.2,317.5,340.9,413.5,341.8,108.4,124.8,216.7,311.3,345.0,176.5,358.9,142.0,0.0,364.6,390.3,184.9,440.6,183.2,352.2,289.1,334.6,411.0,337.8,207.2,375.7,218.0,449.5,250.0,416.0,257.7,236.6,312.4,259.6,248.3,249.1,399.9,246.8,316.6,101.5,406.2,212.8,45.7,152.9,347.3,142.0,264.1,324.9,171.8,372.7,328.6,273.5,190.0,233.3,301.4,153.7,203.8,204.4,325.6,296.7,123.6,221.3,263.4,200.1,273.0,274.5,316.1,281.1,395.0,239.9,214.9,218.3,192.5,265.4,354.6,406.3,285.9,365.1,345.8,356.8,409.0,188.5,415.5,135.6,731.5,394.1,378.8,363.7,478.6,370.2,90.3,176.4,223.9,230.2,386.4,275.0,210.6,352.2,392.2,383.8,281.6,268.1,205.8,182.0,272.6,206.4,354.4,220.6,176.0,389.4,433.8,304.0,270.6,259.5,341.2,366.5,298.7
GT,152.3,71.2,369.1,362.4,95.6,318.2,464.8,442.9,507.8,469.5,450.1,204.5,321.0,103.4,210.9,256.3,417.8,316.4,517.1,396.2,105.0,459.5,452.4,155.0,277.0,338.7,415.4,67.8,170.2,375.2,472.4,288.2,260.9,0.0,444.2,385.0,397.0,402.3,485.7,104.6,89.0,436.2,423.8,218.7,200.9,189.6,417.0,225.0,509.9,168.5,174.0,182.7,446.0,276.8,228.4,450.4,332.8,368.9,362.5,163.5,196.2,306.7,303.7,446.2,288.2,350.1,285.6,277.1,499.0,277.4,140.1,308.1,319.3,77.7,295.5,402.5,206.7,411.6,382.7,292.2,253.7,126.2,272.1,117.8,223.3,486.0,99.0,528.5,170.7,215.4,393.0,246.6,135.4,303.4,492.3,264.0,478.6,294.6,138.7,495.0,376.6,485.3,304.2,755.8,527.6,464.8,499.9,435.0,558.9,351.3,262.4,191.3,428.9,480.8,388.5,188.0,465.7,478.2,487.9,233.2,246.7,277.8,300.1,394.6,339.1,467.9,284.7,336.9,131.2,390.2,390.0,184.1,345.5,65.4,188.5,123.0
GX,505.9,475.4,367.4,423.0,481.8,214.1,638.1,616.2,616.8,96.2,610.5,465.4,437.4,489.6,311.1,413.4,162.0,422.6,127.8,569.5,477.5,48.0,112.0,541.2,367.7,319.0,476.0,454.0,571.1,435.8,142.8,401.3,387.5,509.2,0.0,444.2,106.7,442.5,594.7,548.4,461.5,79.0,597.1,325.4,601.8,477.3,126.8,297.0,115.4,474.7,495.9,445.3,518.9,267.4,329.2,64.8,506.1,217.7,360.8,487.7,472.1,305.0,412.2,606.6,401.3,523.4,304.3,431.1,97.4,338.2,501.8,324.4,492.6,463.9,413.0,463.1,463.7,584.9,556.0,382.9,268.3,515.3,260.0,532.3,308.0,74.5,485.2,637.5,499.2,454.1,477.6,451.8,398.3,364.2,665.6,256.7,133.0,355.4,414.8,668.3,447.8,80.4,394.9,411.1,636.6,638.1,88.4,179.2,612.7,349.6,435.7,440.9,489.5,129.3,196.1,469.9,136.1,651.5,100.0,301.2,287.7,253.6,316.4,531.9,232.6,102.9,479.9,435.3,423.7,134.4,563.3,510.9,518.8,424.1,424.5,524.8
HA,414.2,313.8,168.1,21.1,278.5,337.9,246.0,251.0,307.0,490.7,232.7,341.6,67.0,316.0,376.6,251.5,539.5,289.7,472.3,184.1,317.4,400.3,482.2,341.7,186.5,225.7,27.5,312.6,384.2,57.4,427.6,220.1,206.3,364.5,449.7,0.0,505.1,209.2,284.9,280.8,334.5,470.4,224.4,285.3,413.5,328.1,518.2,362.5,484.7,368.7,312.5,444.2,73.2,360.8,328.6,459.3,214.5,385.3,131.7,406.1,333.3,121.1,232.4,227.4,220.1,149.3,437.4,232.7,432.1,408.1,273.0,256.3,198.3,301.3,233.0,17.4,345.2,192.8,181.9,201.7,333.8,264.7,304.6,272.9,352.6,376.9,281.0,329.1,307.8,284.1,45.9,253.4,397.3,432.7,265.0,380.5,433.8,425.3,400.6,326.7,128.1,474.9,213.7,792.3,328.2,246.0,424.5,561.5,358.1,150.3,194.3,345.2,43.8,456.5,336.0,210.5,420.9,299.9,443.2,394.1,380.6,298.2,250.7,235.8,275.1,424.5,296.8,90.7,389.3,513.3,190.3,321.2,205.0,341.1,450.4,337.0
HB,394.5,419.7,412.9,468.5,426.1,244.8,683.6,661.7,662.3,72.4,656.0,510.9,482.9,433.9,341.8,366.8,60.1,405.0,125.2,615.0,385.5,93.5,55.3,485.5,413.2,364.5,521.5,398.3,500.7,481.3,110.8,446.8,376.5,453.5,78.2,489.7,0.0,488.0,640.2,448.1,369.5,70.2,642.6,356.1,531.4,522.8,19.9,327.7,112.8,505.4,541.4,333.9,564.4,298.1,359.9,84.4,551.6,248.4,406.3,432.0,517.6,350.5,457.7,652.1,446.8,568.9,335.0,476.6,133.0,368.9,470.6,355.1,538.1,408.2,458.5,508.6,509.2,630.4,601.5,428.4,299.0,456.7,290.7,448.3,281.1,120.0,429.5,683.0,544.7,484.8,523.1,497.3,286.9,394.9,711.1,287.4,141.3,386.1,310.5,713.8,493.3,88.2,440.4,389.8,682.1,683.6,133.9,77.3,658.2,395.1,481.2,471.6,535.0,83.7,226.8,515.4,121.4,697.0,121.9,273.0,318.4,284.3,347.1,577.4,263.3,148.4,525.4,480.8,368.0,78.7,608.8,541.6,564.3,368.4,360.3,453.5
HI,306.2,205.8,184.3,134.1,170.5,354.1,294.0,272.1,337.0,617.2,266.4,233.6,148.5,208.0,364.8,285.4,565.5,350.8,488.5,225.4,209.4,416.5,498.4,233.7,202.7,241.9,187.1,203.2,274.8,146.9,443.8,236.3,222.5,256.5,465.9,155.3,544.7,0.0,314.9,181.0,226.5,583.9,253.0,372.6,305.5,218.7,564.7,378.9,500.9,260.7,203.1,336.6,230.0,430.7,358.1,475.5,162.0,401.5,147.9,298.1,225.3,137.3,332.8,262.5,236.3,179.3,439.5,306.2,448.3,431.3,169.2,272.5,148.5,193.3,324.6,174.2,235.8,240.8,211.9,217.9,407.6,155.3,320.8,164.9,377.2,391.7,173.0,357.7,199.8,244.5,188.7,275.7,289.3,457.3,321.5,417.9,450.0,448.5,292.6,324.2,158.9,491.1,229.9,807.1,356.8,294.0,439.3,582.7,388.1,166.5,91.6,220.4,200.6,471.3,359.9,102.5,437.1,307.4,459.4,387.1,400.6,314.4,266.9,187.8,291.3,439.3,313.8,146.4,281.3,537.9,219.2,213.2,174.7,233.1,342.4,227.6
HL,407.3,306.9,250.8,139.2,271.6,420.6,195.6,200.6,22.0,573.4,180.9,334.7,118.3,309.1,465.9,334.2,666.6,372.4,555.0,133.7,310.5,483.0,564.9,334.8,269.2,308.4,86.2,304.3,375.9,135.2,510.3,302.8,289.0,357.6,532.4,116.6,645.8,200.9,0.0,282.1,327.6,553.1,172.6,368.0,406.6,319.8,600.9,480.0,567.4,361.8,304.2,437.7,89.7,443.5,409.9,542.0,152.7,468.0,214.4,399.2,326.4,203.8,313.7,177.0,302.8,98.9,540.6,315.4,514.8,532.4,270.3,339.0,147.9,294.4,314.3,99.1,336.9,142.4,131.5,284.4,416.5,256.4,387.3,266.0,478.3,458.2,274.1,42.7,300.9,345.6,107.0,376.8,390.4,558.4,223.1,463.2,516.5,549.6,393.7,266.3,136.3,557.6,296.4,873.6,41.8,195.6,505.8,683.8,307.7,233.0,187.4,321.5,73.2,537.8,426.4,203.6,503.6,249.5,525.9,488.2,501.7,380.9,333.4,219.8,357.8,505.8,414.9,119.5,382.4,639.0,139.9,314.3,154.6,334.2,443.5,328.7
HM,151.5,45.3,346.0,275.7,37.4,325.6,378.1,356.2,421.1,485.3,363.4,149.0,228.8,49.2,210.1,200.8,433.6,266.2,516.3,309.5,80.7,475.3,468.2,118.8,276.2,337.9,325.9,51.3,124.2,288.5,479.8,249.8,260.1,104.5,460.0,296.9,412.8,346.8,399.0,0.0,71.8,460.2,337.1,217.9,146.7,134.1,432.8,221.8,525.7,114.3,120.5,181.5,363.0,276.0,227.6,466.2,227.0,368.1,308.3,128.1,140.7,305.9,248.2,382.9,249.8,255.7,284.8,213.9,514.8,276.6,71.3,307.3,232.6,41.5,240.0,315.8,151.2,324.9,296.0,269.6,252.9,70.7,271.3,80.7,222.5,477.9,62.8,441.8,115.2,152.2,306.3,191.1,134.6,302.6,397.1,263.2,477.8,293.8,147.3,416.9,289.9,509.3,266.9,771.6,440.9,378.1,510.8,455.6,472.2,307.3,168.0,139.2,342.2,496.6,378.6,150.5,464.9,383.8,511.9,232.4,245.9,277.0,299.3,314.8,338.3,471.8,229.2,250.2,111.3,406.0,303.3,128.6,258.8,89.4,215.5,68.8
HY,79.6,44.9,296.4,316.8,70.9,245.5,419.2,397.3,462.2,414.8,404.5,179.8,275.4,78.7,138.2,205.5,363.1,243.7,444.4,350.6,15.9,404.8,397.7,130.3,204.3,266.0,369.8,43.1,145.5,329.6,399.7,215.5,188.2,98.3,389.5,338.0,342.3,371.5,440.1,92.9,0.0,381.5,378.2,146.0,176.2,164.9,362.3,152.3,456.8,143.8,149.3,110.0,400.4,204.1,155.7,395.7,287.2,296.2,289.8,81.3,171.5,234.0,248.8,400.6,215.5,304.5,212.9,252.4,456.5,204.7,115.4,235.4,273.7,53.0,249.6,356.9,182.0,366.0,337.1,219.5,181.0,101.5,199.4,93.1,150.6,406.0,74.3,482.9,146.0,190.7,347.4,221.9,62.7,230.7,446.7,191.3,405.9,221.9,66.0,449.4,331.0,430.6,231.5,701.1,482.0,419.2,438.9,380.3,513.3,278.6,216.8,166.6,383.3,427.2,315.8,163.3,393.0,432.6,433.2,160.5,174.0,205.1,227.4,349.0,266.4,395.2,260.0,291.3,64.5,335.5,344.4,159.4,299.9,13.2,115.8,98.3
HZ,435.2,460.4,381.1,436.7,466.8,227.8,651.8,629.9,630.5,58.2,624.2,479.1,400.4,474.6,324.8,427.1,147.5,436.3,97.4,583.2,426.2,61.7,81.6,526.2,381.4,332.7,489.7,439.0,584.8,449.5,137.1,415.0,401.2,494.2,46.4,457.9,92.0,456.2,608.4,488.8,410.2,0.0,610.8,339.1,615.5,491.0,68.2,313.1,85.0,488.4,507.6,374.2,529.9,281.1,342.9,14.2,508.4,231.4,374.5,472.7,485.8,318.7,425.9,643.7,415.0,537.1,318.0,444.8,62.7,351.9,520.9,338.1,506.3,448.9,426.7,476.8,477.4,598.6,569.7,396.6,282.0,529.0,273.7,489.0,321.7,88.2,470.2,651.2,512.9,467.8,491.3,465.5,327.6,377.9,676.7,270.4,134.6,369.1,418.8,690.6,461.5,50.0,408.6,396.1,650.3,651.8,80.6,169.5,626.4,363.3,449.4,454.6,503.2,110.0,176.2,483.6,141.3,665.2,51.6,314.9,301.4,267.3,330.1,552.5,246.3,108.1,493.6,449.0,408.7,119.4,577.0,524.6,532.5,409.1,466.0,538.5
IA,535.8,435.4,384.0,292.9,400.1,553.8,85.7,19.0,163.0,732.7,171.8,463.2,251.5,437.6,592.5,467.4,801.0,505.6,688.2,106.6,439.0,642.3,698.1,463.3,402.4,441.6,241.8,432.8,504.4,305.7,643.5,436.0,422.2,486.1,691.7,272.2,745.7,329.4,140.9,410.6,456.1,712.4,0.0,501.2,535.1,448.3,734.1,578.4,700.6,490.3,432.7,566.2,200.2,576.7,543.1,701.3,173.1,601.2,347.6,527.7,454.9,337.0,446.9,167.9,436.0,181.2,653.3,448.6,674.1,660.9,398.8,472.2,206.5,422.9,447.5,254.7,465.4,133.3,213.8,417.6,549.7,384.9,520.5,394.5,606.8,617.5,402.6,183.7,429.4,474.1,235.5,469.3,518.9,686.9,69.1,596.4,649.7,678.1,522.2,71.1,264.8,716.9,429.6,1032.9,182.8,102.0,665.1,818.2,214.1,366.2,327.5,450.0,201.7,671.0,559.6,332.1,636.8,54.3,685.2,610.0,596.5,514.1,466.6,210.7,491.0,641.0,511.3,267.4,510.9,773.4,112.8,442.8,170.1,462.7,572.0,457.2
IP,195.2,195.8,217.4,273.0,225.4,191.6,488.1,466.2,483.6,335.3,460.5,287.4,287.4,233.2,84.3,126.5,283.6,164.7,388.1,419.5,166.8,325.3,318.2,284.8,125.3,187.0,326.0,197.6,307.2,285.8,345.8,136.5,109.2,252.8,310.0,294.2,262.8,292.5,461.5,231.1,150.8,302.0,447.1,0.0,337.9,238.5,282.8,98.4,375.7,210.8,256.9,134.6,368.9,150.2,76.7,316.2,356.1,242.3,210.8,232.2,245.1,155.0,169.8,456.6,136.5,373.4,159.0,188.7,364.8,150.8,237.9,156.4,342.6,207.5,170.6,313.1,255.6,434.9,406.0,140.5,127.1,251.4,201.0,247.6,96.7,351.8,228.8,504.3,253.6,190.2,327.6,209.4,87.6,176.8,515.6,137.4,352.0,168.0,111.2,518.3,297.8,351.1,152.5,621.6,503.4,488.1,365.7,300.8,479.5,199.6,285.7,177.0,339.5,346.6,261.9,319.9,339.1,501.5,353.7,106.6,120.1,206.7,148.4,381.9,212.5,341.3,251.4,285.3,211.0,256.0,413.3,247.0,368.8,167.7,172.0,260.9
IR,227.8,145.7,374.4,388.1,121.1,393.7,490.5,468.6,533.5,545.0,475.8,228.7,346.7,85.4,286.4,229.2,493.3,294.6,592.6,421.9,180.5,535.0,527.9,198.5,312.2,401.8,441.1,111.0,42.3,400.9,547.9,278.2,324.0,178.5,519.7,409.3,472.5,390.5,511.4,143.1,164.5,511.7,449.5,294.2,0.0,161.8,492.5,300.5,585.4,130.4,198.2,258.2,471.7,352.3,301.9,525.9,358.5,444.4,336.7,238.0,168.4,369.8,276.6,471.9,278.2,375.8,361.1,250.0,574.5,352.9,179.2,371.2,345.0,121.2,268.4,428.2,178.9,437.3,408.4,298.0,329.2,169.7,347.6,161.3,298.8,561.5,142.5,554.2,194.9,188.3,418.7,219.5,210.9,378.9,518.0,339.5,554.1,370.1,214.2,520.7,402.3,560.8,295.3,831.3,553.3,490.5,575.4,510.5,584.6,343.4,288.1,164.2,454.6,556.3,464.0,231.5,541.2,503.9,563.4,308.7,322.2,353.3,363.2,420.3,414.6,543.4,257.6,362.6,206.7,465.7,415.7,188.3,371.2,140.9,264.0,84.9
IX,231.7,159.8,247.9,335.4,135.9,291.4,424.2,402.3,467.2,548.4,396.6,104.9,280.4,100.2,290.3,102.7,497.2,168.1,490.3,355.6,189.5,476.7,500.2,145.4,185.7,275.3,388.4,114.9,126.9,348.2,445.6,151.7,197.5,182.4,523.6,356.6,476.4,228.6,445.1,123.9,168.4,515.6,383.2,232.1,157.6,0.0,496.4,278.3,502.7,78.0,74.4,262.1,405.4,276.6,175.4,529.8,292.2,368.7,210.2,252.1,6.5,243.3,150.1,392.7,151.7,309.5,353.2,123.5,502.4,356.8,55.4,244.7,278.7,105.0,141.9,375.5,17.0,371.0,342.1,171.5,249.6,68.9,225.0,96.6,302.7,451.9,84.7,487.9,71.1,61.8,352.4,93.0,214.8,382.8,451.7,314.2,451.8,374.0,218.1,454.4,360.2,532.6,168.8,835.2,487.0,424.2,484.8,514.4,518.3,216.9,221.8,37.7,401.9,473.1,361.7,166.8,438.9,437.6,513.5,309.9,296.4,230.7,236.7,318.0,250.2,441.1,119.8,296.3,210.6,469.6,349.4,64.5,304.9,144.8,267.9,80.6
IZ,418.3,443.5,436.7,492.3,449.9,224.8,707.4,685.5,686.1,52.4,679.8,534.7,506.7,457.7,321.8,424.1,79.2,433.3,105.2,638.8,409.3,117.3,35.3,509.3,372.6,365.7,545.3,422.1,524.5,505.1,90.8,405.1,356.5,477.3,102.0,513.5,23.7,511.8,664.0,471.9,393.3,69.2,666.4,336.1,555.2,513.1,0.0,307.7,92.8,485.4,531.5,357.7,588.2,278.1,339.9,83.4,575.4,228.4,430.1,455.8,519.7,374.3,417.1,675.9,405.1,592.7,315.0,436.0,126.8,348.9,512.5,335.1,561.9,432.0,417.9,532.4,530.2,654.2,625.3,387.8,279.0,480.5,270.7,472.1,318.7,143.8,453.3,706.8,528.2,464.8,546.9,496.0,310.7,374.9,734.9,267.4,121.3,366.1,334.3,737.6,517.1,68.2,399.8,413.6,705.9,707.4,116.5,96.4,682.0,418.9,505.0,451.6,558.8,63.7,206.8,539.2,101.4,720.8,115.7,311.9,298.4,264.3,327.1,601.2,243.3,142.4,534.1,504.6,391.8,102.5,632.6,521.6,588.1,392.2,435.2,477.3
JD,209.9,201.0,251.5,307.1,240.1,96.1,522.2,500.3,517.7,348.3,494.6,314.9,270.8,247.9,14.0,177.0,296.6,242.4,292.6,453.6,181.5,279.0,302.5,299.5,159.4,200.5,357.3,212.3,312.3,319.9,250.3,170.6,143.3,267.5,323.0,328.3,275.8,326.6,495.6,253.5,165.5,312.6,481.2,89.0,345.4,266.0,295.8,0.0,305.0,240.7,286.4,148.9,400.3,57.3,92.8,329.2,378.8,149.4,244.9,246.9,272.6,189.1,230.4,514.1,170.6,409.9,111.4,240.9,304.7,103.2,270.8,169.9,376.7,222.2,222.8,347.2,283.1,469.0,440.1,174.6,28.6,278.9,102.5,262.7,49.1,254.2,243.5,538.4,281.1,217.7,361.7,248.9,102.3,129.2,541.2,89.8,254.1,120.4,135.3,561.0,331.9,337.3,186.6,634.6,537.5,522.2,287.1,318.6,513.6,233.7,322.2,213.4,373.6,275.4,154.9,332.5,241.2,538.0,315.8,59.0,72.5,108.2,161.9,422.9,114.0,248.1,287.0,319.4,225.7,269.0,447.4,274.5,402.9,180.0,215.9,267.5
JX,479.8,480.4,403.2,458.8,510.0,188.0,673.9,652.0,652.6,45.6,646.3,501.2,473.2,518.3,285.0,387.3,173.5,396.5,12.3,605.3,451.4,93.8,79.4,565.7,335.8,328.9,511.8,482.2,545.0,471.6,90.1,368.3,319.7,537.4,121.0,480.0,118.0,478.3,630.5,515.7,435.4,84.7,632.9,299.3,575.7,476.3,94.2,270.9,0.0,448.6,494.7,419.2,554.7,241.3,303.1,70.5,541.9,191.6,396.6,516.8,482.9,340.8,380.3,642.4,368.3,559.2,278.2,399.2,96.8,312.1,475.7,298.3,528.4,492.1,381.1,498.9,493.4,620.7,591.8,351.0,242.2,489.2,233.9,516.9,281.9,102.5,505.0,673.3,491.4,428.0,513.4,459.2,372.2,338.1,701.4,230.6,49.5,329.3,388.7,704.1,483.6,29.8,363.0,479.4,672.4,673.9,62.7,190.7,648.5,385.4,471.5,414.8,525.3,67.3,170.0,505.7,83.4,687.3,85.7,275.1,261.6,227.5,290.3,567.7,206.5,89.6,497.3,471.1,495.6,196.8,599.1,484.8,554.6,452.3,398.4,498.7
KD,212.0,129.9,243.9,331.4,105.3,287.4,451.3,429.4,567.9,529.2,436.6,130.6,307.5,69.6,270.6,98.7,477.5,164.1,486.3,382.7,164.7,472.7,496.2,171.1,181.7,271.3,384.4,95.2,96.3,344.2,441.6,147.7,193.5,162.7,503.9,352.6,456.7,310.4,545.8,135.0,148.7,495.9,410.3,228.1,127.0,81.7,476.7,274.3,498.7,0.0,100.1,242.4,432.5,272.6,171.4,510.1,307.9,364.7,206.2,222.2,88.3,239.3,146.1,432.7,147.7,336.6,345.3,119.5,498.4,337.1,86.5,240.7,305.8,105.4,137.9,371.5,98.8,398.1,369.2,167.5,245.6,94.6,221.0,122.3,283.0,447.9,110.4,588.6,96.8,57.8,386.0,89.0,195.1,363.1,476.2,310.2,447.8,354.3,198.4,481.5,356.2,528.6,164.8,815.5,587.7,451.3,480.8,499.5,563.8,212.9,248.9,24.8,397.9,469.1,348.6,192.5,434.9,464.7,509.5,292.9,292.4,226.7,232.7,388.0,246.2,441.8,127.1,343.7,190.9,449.9,376.5,90.2,332.0,125.1,248.2,50.0
KG,219.1,156.7,269.3,310.6,130.4,312.8,413.0,391.1,456.0,536.3,396.2,28.4,263.7,118.2,277.7,124.1,484.6,189.5,511.7,344.4,176.9,498.1,519.2,132.8,207.1,296.7,360.8,102.3,168.3,323.4,467.0,173.1,218.9,169.8,511.0,331.8,463.8,228.2,433.9,103.1,155.8,505.0,372.0,253.5,197.0,57.4,483.8,289.4,524.1,99.4,0.0,249.1,397.9,298.0,196.8,517.2,269.6,390.1,231.6,239.5,64.0,264.7,171.5,415.7,173.1,298.3,352.4,144.9,523.8,344.2,48.2,266.1,267.5,92.4,163.3,350.7,74.5,359.8,330.9,192.9,271.0,56.3,246.4,84.4,290.1,473.3,72.1,476.7,3.2,83.2,341.2,114.4,202.2,370.2,432.0,330.8,473.2,361.4,214.9,451.8,324.8,552.1,190.2,822.6,475.8,413.0,506.2,506.6,507.1,240.3,210.6,74.5,377.1,496.5,374.0,154.2,460.3,426.4,536.9,300.0,313.5,252.1,258.1,324.5,273.6,467.2,152.5,285.1,198.0,457.0,338.2,33.9,293.7,132.2,283.1,120.0
KJ,171.1,162.2,276.9,332.5,200.8,225.5,547.6,525.7,543.1,430.3,520.0,309.7,296.2,209.1,118.7,186.0,378.6,224.2,424.9,479.0,142.7,420.3,413.2,260.7,184.8,246.5,382.7,173.5,275.4,345.3,379.7,196.0,168.7,228.7,405.0,353.7,357.8,352.0,521.0,214.7,126.7,396.5,506.6,126.5,306.6,298.0,377.8,130.4,437.3,269.8,281.7,0.0,425.7,184.6,136.2,411.2,403.7,276.7,270.3,208.1,304.6,214.5,229.3,539.5,196.0,432.9,193.4,248.2,437.0,185.2,240.2,215.9,402.1,183.4,230.1,372.6,315.1,494.4,465.5,200.0,161.5,231.9,179.9,223.9,131.1,386.5,204.7,563.8,276.4,249.7,387.1,268.9,63.5,211.2,566.6,171.8,386.4,202.4,96.5,586.4,357.3,445.6,212.0,716.6,562.9,547.6,419.4,400.6,539.0,258.6,344.7,245.4,399.0,407.2,287.2,293.7,373.5,560.5,448.1,141.0,154.5,185.1,207.9,448.3,246.9,380.4,310.9,344.8,186.9,351.0,472.8,306.5,428.3,143.1,164.7,228.7
KV,402.4,311.5,241.5,94.5,266.7,407.6,172.7,177.7,233.7,564.1,158.0,329.8,140.4,304.2,461.0,324.9,661.7,363.1,545.7,110.8,305.6,473.7,555.6,329.9,259.9,299.1,44.3,299.4,371.0,129.6,497.3,293.5,279.7,352.7,523.1,73.3,640.9,196.0,211.6,269.0,322.7,540.1,149.7,358.7,401.7,314.9,591.6,472.7,558.1,356.9,301.3,432.4,0.0,434.2,400.6,532.7,141.2,458.7,205.1,394.3,321.5,194.5,304.4,177.5,293.5,78.7,535.7,306.1,505.5,527.5,259.8,329.7,125.0,289.5,305.0,54.4,332.0,119.5,108.6,275.1,407.2,251.5,378.0,261.5,473.4,448.9,269.2,254.4,296.0,340.7,101.4,326.8,385.5,553.5,191.7,453.9,507.2,544.7,398.2,252.0,131.4,544.6,287.1,864.3,253.5,172.7,496.5,683.7,284.8,220.0,185.2,332.0,53.5,528.5,408.0,198.7,494.3,229.3,512.9,483.3,496.8,367.9,324.1,190.0,344.8,467.7,410.0,114.6,377.5,634.1,117.0,309.4,131.7,329.3,466.4,323.8
KX,251.9,252.5,261.2,316.8,282.1,54.4,531.9,510.0,527.4,311.4,504.3,324.6,331.2,289.9,62.8,186.7,292.4,252.1,253.3,463.3,223.5,239.7,263.2,341.5,169.1,210.2,369.8,254.3,344.4,329.6,208.6,180.3,153.0,309.5,289.1,338.0,271.6,336.3,505.3,287.8,207.5,310.8,490.9,98.7,375.1,275.7,291.6,48.7,265.7,248.0,294.1,191.3,412.7,0.0,102.5,314.0,399.9,92.0,254.6,288.9,282.3,198.8,240.1,500.4,180.3,417.2,76.5,250.6,265.4,117.0,275.1,179.6,386.4,264.2,232.5,356.9,292.8,478.7,449.8,184.3,38.3,288.6,112.2,316.3,62.9,214.9,285.5,548.1,290.8,227.4,371.4,258.6,144.3,143.0,559.4,37.5,214.8,134.2,167.9,562.1,341.6,295.6,196.3,630.3,547.2,531.9,247.8,309.6,523.3,243.4,329.5,214.2,383.3,236.1,124.7,386.5,201.9,545.3,276.5,33.7,20.2,117.9,171.6,425.7,117.4,204.1,296.7,329.1,267.7,264.8,457.1,284.2,412.6,224.4,197.8,298.1
KZ,228.7,229.3,201.1,256.7,250.8,115.9,471.8,449.9,467.3,372.9,444.2,222.0,271.1,215.1,116.9,84.1,332.2,148.4,314.8,403.2,200.3,301.2,324.7,262.5,109.0,170.7,309.7,232.0,241.8,269.5,270.1,120.2,92.9,299.5,350.6,277.9,311.4,276.2,445.2,241.0,184.3,389.7,430.8,78.0,272.5,173.1,360.7,102.8,327.2,145.4,191.5,168.7,352.6,101.1,0.0,375.5,339.8,193.2,194.5,265.7,179.7,138.7,137.5,440.3,120.2,357.1,177.7,148.0,326.9,206.1,172.5,140.1,326.3,222.1,129.9,296.8,190.2,418.6,389.7,124.2,74.1,186.0,124.7,213.7,152.0,276.4,201.8,488.0,188.2,124.8,311.3,156.0,121.4,232.1,499.3,138.7,276.3,223.3,107.6,502.0,281.5,357.1,136.2,691.8,487.1,471.8,309.3,349.4,463.2,183.3,269.4,111.6,323.2,297.6,186.2,283.9,263.4,485.2,338.0,134.4,120.9,130.4,132.1,365.6,136.2,265.6,194.1,269.0,244.5,304.6,397.0,181.6,352.5,201.2,117.3,195.5
LB,521.4,474.6,382.9,438.5,481.0,229.6,653.6,631.7,632.3,51.6,626.0,480.9,452.9,488.8,326.6,428.9,161.5,438.1,83.2,585.0,440.4,63.5,67.4,540.4,383.2,334.5,491.5,453.2,586.6,451.3,122.9,416.8,403.0,508.4,60.6,459.7,106.0,458.0,610.2,503.0,424.4,14.2,612.6,340.9,617.3,492.8,82.2,312.5,70.8,490.2,511.4,460.8,534.4,282.9,344.7,0.0,521.6,233.2,376.3,486.9,487.6,320.5,427.7,622.1,416.8,538.9,319.8,446.6,48.5,353.7,517.3,339.9,508.1,463.1,428.5,478.6,479.2,600.4,571.5,398.4,283.8,530.8,275.5,547.8,323.5,90.0,484.4,653.0,514.7,469.6,493.1,467.3,413.8,379.7,681.1,272.2,120.4,370.9,430.3,683.8,463.3,35.8,410.4,410.3,652.1,653.6,66.4,178.7,628.2,365.1,451.2,456.4,505.0,95.8,211.6,485.4,127.1,667.0,37.4,316.7,303.2,269.1,331.9,547.4,248.1,93.9,495.4,450.8,422.9,133.6,578.8,526.4,534.3,423.3,440.0,540.3
LC,458.8,358.4,284.3,193.2,323.1,454.1,160.8,164.0,228.9,606.9,164.1,386.2,201.2,360.6,492.8,367.7,655.7,405.9,588.5,87.8,362.0,516.5,598.4,386.3,302.7,341.9,208.7,355.8,427.4,206.0,543.8,336.3,322.5,409.1,565.9,214.4,619.9,252.4,206.8,325.4,379.1,586.6,144.9,401.5,458.1,371.3,634.4,481.1,600.9,413.3,355.7,488.8,167.1,477.0,443.4,575.5,0.0,501.5,247.9,450.7,377.9,237.3,347.2,160.2,336.3,71.2,553.6,348.9,548.3,522.9,316.2,372.5,40.4,345.9,347.8,221.6,388.4,125.6,103.8,317.9,450.0,307.9,420.8,317.5,468.8,491.7,325.6,249.6,352.4,397.1,223.8,369.6,441.9,548.9,192.8,496.7,550.0,540.1,454.6,224.7,207.2,591.1,329.9,907.1,248.7,178.8,539.3,672.9,280.0,266.5,270.9,388.4,168.6,571.3,450.8,255.1,537.1,199.3,559.4,510.3,496.8,414.4,366.9,160.9,391.3,539.3,411.6,167.7,433.9,628.1,81.6,365.8,39.9,385.7,522.8,380.2
LD,342.6,343.2,346.1,401.7,372.8,96.1,616.8,594.9,602.2,264.8,589.2,415.3,416.1,380.6,153.5,277.4,331.9,342.8,206.7,548.2,314.2,193.1,216.6,432.2,243.9,237.0,454.7,345.0,435.1,414.5,162.0,271.0,227.8,400.2,242.5,424.3,276.4,421.2,580.1,378.5,298.2,281.6,575.8,189.4,465.8,366.4,252.6,139.4,219.1,338.7,384.8,282.0,497.6,90.6,193.2,267.4,484.8,0.0,339.5,379.6,373.0,283.7,330.8,585.3,271.0,502.1,86.5,341.3,218.8,136.2,365.8,206.4,471.3,354.9,323.2,441.8,383.5,563.6,534.7,259.1,129.0,379.3,142.0,407.0,149.2,168.3,376.2,622.9,381.5,318.1,456.3,349.3,235.0,180.2,644.3,97.9,168.2,171.4,258.6,647.0,426.5,249.0,271.1,583.7,622.0,616.8,201.2,349.1,598.1,328.3,414.4,304.9,468.2,189.5,60.1,448.6,155.3,630.2,229.9,124.4,110.9,135.6,198.4,510.6,114.6,157.5,387.4,414.0,358.4,324.2,542.0,374.9,497.5,315.1,288.5,388.8
LL,375.7,275.3,62.3,125.1,240.0,358.1,340.2,318.3,383.2,441.9,312.6,167.5,139.5,277.5,359.1,187.4,523.2,232.8,465.4,271.6,278.9,351.5,475.3,303.2,143.6,176.9,178.1,272.7,306.4,137.9,420.7,186.6,190.0,326.0,400.9,146.3,502.4,144.6,361.1,250.5,296.0,421.6,299.2,269.0,337.1,179.4,511.3,345.0,477.8,210.0,198.0,406.1,221.0,343.3,242.1,410.5,208.2,378.4,0.0,367.6,174.2,72.3,149.1,308.7,186.6,225.5,419.9,100.9,383.3,390.4,234.9,251.8,194.7,262.8,99.8,165.2,165.8,287.0,258.1,129.4,316.3,224.8,261.9,234.4,336.3,326.7,242.5,403.9,201.3,152.3,179.7,121.6,358.8,416.4,367.7,380.9,426.9,407.6,349.8,370.4,149.9,426.1,166.3,742.1,403.0,340.2,374.3,540.4,434.3,49.3,137.8,176.2,191.6,448.2,336.8,172.0,414.0,353.6,394.4,376.6,363.1,267.6,243.8,234.0,268.2,416.2,163.6,137.4,350.8,495.6,265.4,232.0,220.9,302.6,359.5,260.1
LQ,146.4,66.6,363.2,356.5,97.9,312.3,458.9,437.0,501.9,465.9,444.2,251.0,315.1,137.9,205.0,272.3,414.2,310.5,518.7,390.3,55.6,455.9,448.8,207.2,271.1,332.8,409.5,120.0,204.7,369.3,466.5,282.3,255.0,157.2,440.6,377.7,393.4,448.8,479.8,101.9,66.7,432.6,417.9,212.8,235.4,234.4,413.4,219.1,506.3,203.0,220.5,176.8,440.1,270.9,222.5,446.8,326.9,363.0,356.6,0.0,241.0,300.8,315.6,440.3,282.3,344.2,279.7,322.6,495.4,271.5,186.6,302.2,313.4,129.9,316.4,396.6,251.5,405.7,376.8,286.3,247.8,172.7,266.2,170.0,217.4,482.4,151.2,522.6,217.2,260.9,387.1,292.1,129.5,297.5,486.4,258.1,472.7,288.7,132.8,489.1,370.7,481.7,298.3,752.2,521.7,458.9,496.3,431.4,553.0,345.4,256.5,236.8,423.0,477.2,382.6,240.2,459.8,472.3,484.3,227.3,240.8,271.9,294.2,388.7,333.2,462.0,330.2,331.0,77.6,386.6,384.1,230.6,339.6,80.0,182.6,157.5
LU,236.9,165.0,253.1,340.6,141.1,296.6,417.6,395.7,460.6,553.6,390.0,110.1,304.3,105.4,295.5,107.9,502.4,173.3,495.5,349.0,194.7,481.9,505.4,150.6,190.9,280.5,393.6,120.1,132.1,353.4,450.8,156.9,202.7,187.6,528.8,361.8,481.6,222.0,438.5,120.9,173.6,520.8,376.6,237.3,162.8,5.2,501.6,283.5,507.9,83.2,81.6,266.9,402.5,281.8,180.6,535.0,274.2,373.9,215.4,257.3,0.0,248.5,155.3,409.5,156.9,302.9,358.4,128.7,507.6,362.0,66.0,249.9,272.1,110.2,147.1,380.7,10.5,364.4,335.5,176.7,254.8,74.1,230.2,101.8,307.9,457.1,89.9,481.3,76.3,67.0,345.8,98.2,220.0,388.0,442.5,319.4,457.0,379.2,232.7,456.4,365.4,537.8,174.0,840.4,480.4,417.6,490.0,524.4,511.7,222.1,215.2,42.9,407.1,478.3,357.8,172.0,444.1,431.0,518.7,315.1,301.6,235.9,241.9,318.3,255.4,451.0,113.2,289.7,215.8,474.8,342.8,69.7,298.3,150.0,273.1,85.8
LY,368.5,268.1,62.3,117.9,232.8,209.8,333.0,311.1,372.0,369.5,305.4,160.3,132.3,270.3,216.3,127.6,415.6,165.8,351.1,264.4,271.7,279.1,361.0,296.0,62.6,104.5,170.9,265.5,299.2,130.7,306.4,96.2,82.4,318.8,328.5,139.1,394.8,137.4,349.9,243.3,288.8,349.2,292.0,161.4,329.9,172.2,397.0,204.2,363.5,211.9,190.8,266.6,213.8,202.5,203.3,338.1,201.0,264.1,55.7,360.4,167.0,0.0,107.1,301.5,96.2,218.3,279.1,126.0,310.9,282.8,227.7,135.1,187.5,255.6,107.9,158.0,158.6,279.8,250.9,77.8,175.5,217.6,154.3,227.2,228.7,254.3,235.3,392.7,194.1,169.1,172.5,146.7,219.6,308.8,360.5,240.1,312.6,300.0,311.0,363.2,142.7,353.7,89.8,669.7,391.8,333.0,301.9,432.8,367.9,44.5,130.6,178.1,184.4,333.9,222.5,164.8,299.7,346.4,322.0,235.8,222.3,160.0,129.5,226.8,153.9,301.9,174.8,130.2,343.6,388.0,258.2,224.8,213.7,295.4,320.7,252.9
MB,351.1,277.7,165.8,221.4,253.1,255.1,436.5,414.6,473.1,432.2,408.9,224.3,235.8,217.4,256.1,63.4,419.8,83.6,374.1,367.9,308.9,360.5,384.0,264.8,52.3,191.1,274.4,234.3,244.1,234.2,329.4,59.3,98.7,301.8,409.9,242.6,399.0,240.9,451.0,243.3,287.8,438.2,395.5,165.6,274.8,175.4,419.0,242.0,386.5,147.7,193.8,307.9,317.3,240.3,139.1,434.8,304.5,287.1,143.9,370.0,172.8,144.5,0.0,405.0,59.3,321.8,316.9,56.7,386.2,287.0,174.8,160.5,291.0,224.4,38.6,261.5,164.4,383.3,354.4,38.1,213.3,188.3,158.5,216.0,232.9,335.7,204.1,493.8,190.5,95.5,276.0,77.4,260.6,313.0,464.0,277.9,335.6,304.2,246.8,466.7,246.2,416.4,53.2,751.1,492.9,436.5,368.6,437.0,469.0,148.0,234.1,113.9,287.9,356.9,245.5,268.3,322.7,449.9,397.3,273.6,260.1,164.2,152.5,330.3,176.9,324.9,119.4,233.7,330.0,392.2,361.7,183.9,317.2,264.2,256.5,197.8
MC,490.6,390.2,341.2,249.6,368.6,524.7,117.3,126.3,293.7,663.8,4.5,418.0,222.4,392.4,549.2,424.6,749.9,462.8,645.4,79.4,393.8,573.4,655.3,418.1,359.6,398.8,196.6,387.6,472.9,262.9,592.7,393.2,379.4,440.9,622.8,227.0,676.8,280.2,271.6,365.4,410.9,657.2,146.5,458.4,489.9,403.1,691.3,535.6,657.8,458.8,387.5,521.0,155.0,533.9,500.3,632.4,171.0,558.4,304.8,482.5,401.7,294.2,404.1,0.0,393.2,128.0,610.5,419.5,605.2,615.7,361.7,429.4,164.6,377.7,404.7,209.5,420.2,52.5,168.6,374.8,506.9,339.7,477.7,349.3,561.6,548.6,357.4,314.4,384.2,420.9,190.3,426.5,473.7,641.7,134.9,553.6,606.9,632.9,477.0,192.0,219.6,640.0,386.8,964.0,313.5,105.7,596.2,767.1,344.8,337.1,216.5,404.8,156.5,641.9,516.8,286.9,594.0,167.2,608.3,567.2,553.7,471.3,423.8,81.6,440.2,596.2,468.5,224.6,465.7,722.3,85.6,397.6,123.4,409.5,526.8,412.0
MH,345.0,271.6,156.4,212.0,247.0,176.1,427.1,405.2,467.5,401.1,399.5,218.2,226.4,211.3,182.6,57.3,381.9,95.5,343.0,358.5,302.8,329.4,352.9,258.7,62.0,170.9,265.0,228.2,238.0,224.8,298.3,0.0,93.1,295.7,378.8,233.2,361.1,231.5,445.4,237.2,281.7,400.3,386.1,127.7,268.7,169.3,381.1,170.5,355.4,141.6,187.7,301.8,307.9,168.8,133.0,403.7,295.1,256.0,149.8,363.9,175.9,138.9,58.0,395.6,0.0,312.4,245.4,100.9,355.1,249.1,168.7,140.3,281.6,218.3,82.8,252.1,186.4,373.9,345.0,52.7,141.8,182.2,120.6,209.9,195.0,304.6,198.0,488.2,184.4,99.0,266.6,121.6,254.5,275.1,454.6,206.4,304.5,266.3,240.7,457.3,236.8,385.3,22.0,719.9,487.3,427.1,337.5,399.1,463.4,138.6,224.7,107.8,278.5,325.8,214.4,258.9,291.6,440.5,366.2,202.1,188.6,126.3,132.3,320.9,145.8,293.8,162.3,224.3,323.9,354.3,352.3,177.8,307.8,258.1,250.4,191.7
MT,564.9,464.5,408.4,296.8,429.2,618.6,181.4,114.7,179.6,749.3,267.5,492.3,275.9,466.7,623.5,491.8,817.6,530.0,721.5,202.3,468.1,658.9,749.7,492.4,426.8,466.0,243.8,461.9,533.5,292.8,697.5,460.4,446.6,515.2,708.3,274.2,762.3,358.5,157.5,431.5,485.2,729.0,95.6,570.2,564.2,477.4,778.6,615.4,733.9,519.4,461.8,594.9,251.0,611.3,567.5,717.9,280.2,625.6,372.0,556.8,484.0,361.4,471.3,263.6,460.4,0.0,687.9,473.0,690.7,690.0,422.3,496.6,302.2,452.0,471.9,256.7,494.5,229.0,32.6,442.0,584.3,414.0,563.1,424.0,635.9,634.1,431.7,200.3,458.5,503.2,264.6,534.4,548.0,716.0,164.8,648.9,687.7,707.2,560.7,166.8,293.9,733.5,454.0,1049.5,199.4,197.7,681.7,834.8,230.7,390.6,423.2,494.5,230.8,722.6,584.0,361.2,690.8,150.0,701.8,644.6,631.1,568.8,491.0,306.4,515.4,657.6,572.5,277.1,540.0,790.0,208.5,471.9,265.8,491.8,601.1,486.3
MY,269.0,269.6,327.4,383.0,299.2,110.3,598.1,576.2,593.6,362.4,570.5,390.8,397.4,307.0,115.8,252.9,327.5,318.3,304.3,529.5,240.6,290.7,314.2,358.6,235.3,276.4,436.0,271.4,373.8,395.8,259.6,246.5,219.2,326.6,340.1,404.2,306.7,402.5,571.5,304.9,224.6,345.9,557.1,164.9,404.5,341.9,326.7,114.9,316.7,314.2,360.3,208.4,478.9,66.1,168.7,360.1,466.1,97.5,320.8,306.0,348.5,265.0,306.3,566.6,246.5,483.4,0.0,316.8,316.4,49.6,341.3,245.8,452.6,281.3,298.7,423.1,359.0,544.9,516.0,250.5,104.5,329.8,178.4,321.4,71.1,265.9,302.6,614.3,357.0,293.6,437.6,324.8,161.4,93.6,625.6,73.4,265.8,84.8,185.0,628.3,407.8,346.6,262.5,665.5,613.4,598.1,298.8,344.7,589.5,309.6,395.7,280.4,449.5,287.1,157.7,391.6,252.9,611.5,327.5,99.9,86.4,184.1,237.8,491.9,173.3,255.1,362.9,395.3,284.8,299.9,523.3,350.4,478.8,241.5,234.8,326.6
NK,312.4,248.5,124.3,211.8,214.4,276.6,426.9,405.0,482.9,442.0,399.3,167.9,226.2,178.7,277.6,105.9,441.7,151.3,383.9,358.3,270.2,370.3,393.8,226.1,62.1,200.9,264.8,195.6,205.4,224.6,339.2,105.1,108.5,263.1,419.7,233.0,420.9,231.3,460.8,196.4,249.1,458.8,385.9,187.5,236.1,121.2,429.8,265.9,396.3,109.0,155.1,329.0,305.0,261.8,160.6,444.6,283.5,296.9,86.6,331.3,116.0,154.3,67.6,418.8,105.1,312.2,338.4,0.0,396.0,308.9,141.5,170.3,281.4,185.7,18.3,251.9,107.6,373.7,344.8,47.9,234.8,149.6,180.4,177.3,254.8,345.5,165.4,503.6,151.8,51.3,266.4,20.6,282.1,334.9,451.8,299.4,345.4,326.1,258.6,457.1,236.6,426.2,84.8,760.9,502.7,426.9,378.4,458.9,478.8,93.3,224.5,75.2,278.3,366.7,246.2,247.5,332.5,440.3,407.1,295.1,281.6,186.1,162.3,320.7,186.7,339.4,62.6,224.1,291.3,414.1,352.1,145.2,307.6,225.5,305.8,159.1
NN,474.9,475.5,366.0,421.6,505.1,183.1,636.7,614.8,615.4,97.9,609.1,464.0,436.0,513.4,280.1,382.4,201.1,391.6,57.6,568.1,446.5,89.8,85.8,560.8,366.3,317.6,474.6,477.3,540.1,434.4,85.2,399.9,314.8,532.5,109.2,442.8,145.6,441.1,593.3,510.8,430.5,62.7,595.7,294.4,570.8,471.4,121.8,266.0,70.0,443.7,489.8,414.3,517.5,236.4,298.2,48.5,504.7,186.7,359.4,511.9,470.7,303.6,410.8,605.2,399.9,522.0,273.3,429.7,0.0,307.2,470.8,293.4,491.2,487.2,411.6,461.7,462.3,583.5,554.6,381.5,237.3,484.3,229.0,512.0,277.0,58.5,500.1,636.1,486.5,423.1,476.2,450.4,367.3,333.2,664.2,225.7,58.9,324.4,383.8,666.9,446.4,82.1,393.5,442.2,635.2,636.7,17.8,218.3,611.3,348.2,434.3,409.9,488.1,58.7,165.1,468.5,78.5,650.1,11.1,270.2,256.7,222.6,285.4,530.5,201.6,45.3,478.5,433.9,490.7,182.2,561.9,479.9,517.4,447.4,393.5,493.8
NO,238.0,238.6,319.2,374.8,268.2,131.1,612.9,591.0,585.4,348.2,598.2,377.1,389.2,276.0,84.8,228.3,296.5,266.5,330.0,544.3,209.6,316.4,331.1,327.6,227.1,299.5,427.8,240.4,342.8,387.6,285.3,238.3,211.0,295.6,322.9,396.0,275.7,394.3,563.3,273.9,193.6,314.9,571.9,188.0,373.5,365.0,295.7,98.9,342.4,337.3,346.6,177.4,470.7,104.9,191.8,329.1,480.9,144.4,312.6,275.0,371.6,256.8,271.6,594.3,238.3,498.2,46.8,290.5,342.1,0.0,312.7,268.9,467.4,250.3,272.4,414.9,382.1,559.7,530.8,242.3,127.6,298.8,201.5,290.4,40.1,291.6,271.6,606.1,343.3,316.7,429.4,347.9,130.4,82.6,640.4,76.9,291.5,73.8,154.0,643.1,399.6,364.0,254.3,634.5,605.2,612.9,324.5,313.7,581.3,301.4,410.5,303.5,441.3,312.8,201.4,360.6,278.6,626.3,353.2,78.9,92.4,207.2,260.9,483.7,194.1,280.8,386.0,387.1,253.8,268.9,538.1,356.7,493.6,210.5,203.8,295.6
NQ,170.8,98.9,266.9,262.3,82.1,310.4,364.7,342.8,407.7,488.0,350.0,69.9,215.4,69.9,229.4,121.7,436.3,187.1,509.3,296.1,128.6,478.0,470.9,84.5,204.7,294.3,312.5,54.0,136.7,275.1,464.6,170.7,216.5,121.5,462.7,283.5,415.5,267.7,385.6,54.8,107.5,454.7,323.7,237.2,167.4,55.0,435.5,241.1,521.7,97.0,41.4,200.8,345.9,295.3,194.4,468.9,221.3,387.4,229.2,191.2,61.6,262.3,169.1,355.0,170.7,250.0,304.1,142.5,517.5,295.9,0.0,263.7,219.2,44.1,160.9,302.4,72.1,311.5,282.6,190.5,268.6,8.0,244.0,35.7,241.8,470.9,23.8,428.4,36.1,80.8,292.9,112.0,153.9,321.9,389.6,282.5,470.8,313.1,157.2,394.9,276.5,503.8,187.8,774.3,427.5,364.7,503.8,458.3,458.8,235.9,162.3,56.7,328.8,492.1,371.6,105.9,457.9,378.1,506.4,251.7,265.2,249.7,255.7,301.4,269.2,464.8,150.1,236.8,149.7,408.7,289.9,49.5,245.4,83.9,234.8,89.5
NR,284.5,285.1,195.5,251.1,366.0,122.4,466.2,444.3,464.8,314.9,438.6,293.5,265.5,291.8,161.1,137.8,372.9,176.0,256.8,397.6,256.1,243.2,266.7,339.2,106.5,30.5,304.1,286.9,318.5,263.9,212.1,147.8,90.4,342.1,292.6,272.3,326.5,270.6,442.7,317.7,240.1,331.7,425.2,118.7,349.2,249.8,302.7,147.0,269.2,222.1,268.2,223.9,347.0,145.3,179.2,317.5,334.2,169.8,188.9,321.5,300.2,133.1,151.0,434.7,147.8,351.5,221.9,169.9,268.9,240.1,249.2,0.0,320.7,298.8,151.8,291.2,291.8,413.0,384.1,121.7,118.3,262.7,89.1,290.4,186.0,218.4,278.5,485.5,264.9,201.5,305.7,190.6,176.9,266.1,493.7,165.0,218.3,257.3,200.5,496.4,275.9,299.1,133.7,633.8,484.6,466.2,251.3,390.1,460.7,177.7,263.8,188.3,317.6,239.6,128.2,298.0,205.4,479.6,280.0,178.6,165.1,82.7,7.9,360.0,59.6,207.6,232.6,263.4,300.3,345.3,391.4,258.3,346.9,257.0,274.5,272.2
NU,523.3,422.9,348.8,257.7,387.6,518.6,145.4,123.5,188.4,671.4,130.7,450.7,216.3,425.1,557.3,432.2,720.2,470.4,653.0,83.5,426.5,581.0,662.9,450.8,367.2,406.4,280.0,420.3,491.9,270.5,608.3,400.8,387.0,473.6,630.4,280.3,684.4,316.9,166.3,398.1,443.6,651.1,104.4,466.0,522.6,435.8,698.9,543.2,665.4,477.8,420.2,553.7,238.4,541.5,507.9,640.0,102.5,566.0,312.4,515.2,442.4,301.8,411.7,126.8,400.8,30.7,618.1,413.4,612.8,587.4,386.3,437.0,0.0,410.4,412.3,292.9,452.9,92.2,63.3,382.4,514.5,372.4,485.3,382.0,533.3,556.2,390.1,209.1,416.9,461.6,288.3,434.1,506.4,613.4,172.9,561.2,614.5,604.6,509.7,175.6,271.7,655.6,394.4,971.6,208.2,145.4,603.8,737.4,239.5,331.0,304.4,437.5,239.6,635.8,524.4,319.6,601.6,158.8,623.9,574.8,561.3,478.9,431.4,169.6,455.8,603.8,476.1,232.2,498.4,692.6,89.7,430.3,104.4,450.2,559.5,444.7
NV,126.6,62.5,323.7,284.6,37.9,292.5,387.0,365.1,430.0,443.8,372.3,126.7,243.2,25.7,185.2,178.5,392.1,243.9,491.4,318.4,79.3,433.8,426.7,77.2,251.3,313.0,337.6,9.8,92.5,297.4,446.7,227.5,235.2,77.3,418.5,305.8,371.3,324.5,407.9,59.9,63.3,410.5,346.0,193.0,123.2,111.8,391.3,199.3,484.2,90.8,96.2,157.0,368.2,251.1,202.7,424.7,255.0,343.2,286.0,154.8,118.4,281.0,225.9,368.4,227.5,272.3,259.9,199.3,473.3,251.7,62.3,282.4,241.5,0.0,217.7,324.7,128.9,333.8,304.9,247.3,228.0,48.4,246.4,40.0,197.6,460.3,21.2,450.7,92.9,137.6,315.2,168.8,109.7,277.7,414.5,238.3,452.9,268.9,113.0,417.2,298.8,459.6,244.6,730.1,449.8,387.0,474.2,409.3,481.1,292.7,184.6,113.5,351.1,455.1,362.8,110.2,440.0,400.4,462.2,207.5,221.0,252.1,274.4,316.8,313.4,442.2,206.9,259.1,105.5,364.5,312.2,106.3,267.7,39.7,162.8,45.3
NY,330.5,257.1,142.9,212.8,232.5,258.2,427.9,406.0,464.5,423.6,400.3,186.0,227.2,196.8,259.2,87.5,423.3,132.9,365.5,359.3,288.3,351.9,375.4,244.2,43.7,182.5,265.8,213.7,223.5,225.6,320.8,86.7,90.1,281.2,401.3,234.0,402.5,232.3,442.4,222.7,267.2,440.4,386.9,169.1,254.2,139.3,411.4,245.1,377.9,127.1,173.2,311.0,308.7,243.4,142.2,426.2,295.9,278.5,105.2,349.4,134.1,135.9,49.2,396.4,86.7,313.2,320.0,18.0,377.6,290.5,154.2,151.9,282.4,203.8,0.0,252.9,125.7,374.7,345.8,29.5,216.4,167.7,162.0,195.4,236.4,327.1,183.5,485.2,169.9,69.4,267.4,38.7,263.7,316.5,455.4,281.0,327.0,307.7,249.9,458.1,237.6,407.8,66.4,742.5,484.3,427.9,360.0,440.5,460.4,111.9,225.5,93.3,279.3,348.3,236.9,259.7,314.1,441.3,388.7,276.7,263.2,167.7,143.9,321.7,168.3,316.3,80.7,225.1,309.4,395.7,353.1,163.3,308.6,243.6,259.6,177.2
NZ,396.7,296.3,187.0,40.0,261.0,356.8,228.5,233.5,289.5,509.6,213.8,324.1,107.7,298.5,395.5,270.4,558.4,308.6,491.2,166.6,299.9,419.2,501.1,324.2,205.4,244.6,12.9,293.7,365.3,75.1,446.5,239.0,225.2,347.0,468.6,17.4,522.6,190.3,267.4,271.5,317.0,489.3,205.5,304.2,396.0,309.2,537.1,381.4,503.6,351.2,293.6,427.1,55.7,379.7,346.1,478.2,185.6,404.2,150.6,388.6,315.8,140.0,249.9,209.9,239.0,131.8,456.3,251.6,451.0,425.6,259.7,275.2,180.8,283.8,250.5,0.0,326.3,175.3,164.4,220.6,352.7,245.8,323.5,255.4,371.5,394.4,263.5,310.2,290.3,335.0,46.9,272.3,379.8,451.6,256.0,399.4,452.7,442.8,383.1,299.2,125.7,493.8,232.6,809.8,309.3,228.5,442.0,575.6,340.6,169.2,176.8,310.9,26.3,474.0,362.6,193.0,439.8,282.4,462.1,413.0,399.5,317.1,269.6,252.7,294.0,442.0,314.3,91.7,371.8,530.8,172.8,303.7,187.5,323.6,432.9,318.1
OD,245.3,173.4,245.7,333.2,149.5,305.0,407.1,385.2,450.1,562.0,379.5,118.5,263.3,113.8,303.9,116.3,510.8,181.7,503.9,338.5,203.1,490.3,513.8,159.0,183.5,288.9,386.2,128.5,140.5,346.0,459.2,165.3,211.1,196.0,537.2,354.4,490.0,211.5,428.0,137.5,182.0,529.2,366.1,245.7,171.2,13.6,510.0,291.9,516.3,91.6,88.0,275.7,388.3,290.2,189.0,543.4,275.1,382.3,208.0,265.7,8.4,256.9,163.7,375.6,165.3,292.4,366.8,121.3,516.0,370.4,69.0,258.3,261.6,118.6,139.7,373.3,0.0,353.9,325.0,169.3,263.2,82.5,238.6,110.2,316.3,465.5,98.3,470.8,84.7,75.4,335.3,106.6,228.4,396.4,434.6,327.8,465.4,387.6,231.7,437.3,358.0,546.2,182.4,848.8,469.9,407.1,498.4,528.0,501.2,214.7,204.7,51.3,399.7,486.7,375.3,180.4,452.5,420.5,527.1,323.5,310.0,244.3,250.3,300.9,263.8,454.7,102.7,279.2,224.2,483.2,332.3,78.1,287.8,158.4,281.5,94.2
OF,449.4,349.0,315.6,208.4,313.7,485.4,64.7,85.1,252.5,638.2,69.8,376.8,183.1,351.2,508.0,399.0,708.7,437.2,619.8,38.2,352.6,547.8,629.7,376.9,334.0,373.2,155.4,346.4,418.0,177.3,575.1,367.6,353.8,399.7,597.2,185.8,651.2,243.0,230.4,324.2,369.7,617.9,105.3,432.8,448.7,361.9,665.7,510.0,632.2,403.9,346.3,479.8,113.8,508.3,474.7,606.8,104.7,532.8,279.2,441.3,368.5,268.6,378.5,65.9,367.6,94.8,582.7,380.2,579.6,574.5,312.4,403.8,123.4,336.5,379.1,168.3,379.0,0.0,127.4,349.2,481.3,298.5,452.1,308.1,520.4,523.0,316.2,273.2,343.0,387.7,149.1,400.9,432.5,600.5,82.3,528.0,581.3,591.7,435.8,150.8,178.4,622.4,361.2,938.4,272.3,53.1,570.6,725.9,303.6,297.8,251.6,363.6,115.3,602.6,491.2,245.7,568.4,134.0,590.7,530.3,528.1,445.7,398.2,108.7,422.6,570.6,442.9,199.0,424.5,681.1,44.4,356.4,101.7,376.3,485.6,370.8
OG,593.4,493.0,436.9,325.3,457.7,647.1,209.9,143.2,208.1,777.8,296.0,520.8,304.4,495.2,652.0,520.3,846.1,558.5,750.0,230.8,496.6,687.4,778.2,520.9,455.3,494.5,272.3,490.4,562.0,321.3,726.0,488.9,475.1,543.7,736.8,304.1,790.8,387.0,186.0,468.2,513.7,757.5,124.1,598.7,592.7,505.9,807.1,641.5,762.4,547.9,490.3,623.8,275.8,639.8,596.0,746.4,297.3,654.1,400.5,585.3,512.5,389.9,499.8,292.1,488.9,28.5,716.4,501.5,719.2,718.5,456.4,525.1,330.7,480.5,500.4,285.2,523.0,257.5,0.0,470.5,612.8,442.5,591.6,452.1,664.4,662.6,460.2,228.8,487.0,531.7,293.1,562.9,576.5,744.5,193.3,677.4,716.2,735.7,579.8,195.3,322.4,762.0,482.5,1078.0,227.9,226.2,710.2,863.3,259.2,419.1,451.7,507.6,259.3,751.1,612.5,389.7,719.3,178.5,730.3,673.1,659.6,597.3,519.5,334.9,543.9,686.1,601.0,305.6,568.5,818.5,237.0,500.4,294.3,520.3,629.6,514.8
OH,360.6,287.2,127.6,183.2,262.6,187.9,398.3,376.4,434.9,394.0,370.7,216.1,197.6,226.9,194.4,92.7,393.7,112.9,335.9,329.7,318.4,322.3,345.8,274.3,14.1,152.9,236.2,243.8,253.6,196.0,291.2,57.1,60.5,311.3,371.7,204.4,372.9,202.7,412.8,252.8,297.3,410.8,357.3,139.5,284.3,169.4,381.8,182.3,348.3,157.2,203.3,320.2,279.1,180.6,151.4,396.6,266.3,248.9,121.0,379.5,164.2,106.3,29.2,366.8,57.1,283.6,257.2,48.1,348.0,260.9,184.3,122.3,252.8,233.9,30.0,223.3,155.8,345.1,316.2,0.0,153.6,197.8,132.4,225.5,206.8,297.5,213.6,455.6,200.0,99.5,237.8,68.8,272.9,286.9,425.8,218.2,297.4,278.1,259.1,428.5,208.0,378.2,36.8,712.9,454.7,398.3,330.4,410.9,430.8,109.8,195.9,123.4,249.7,318.7,207.3,230.1,284.5,411.7,359.1,213.9,200.4,138.1,114.3,292.1,138.7,286.7,110.8,195.5,339.5,366.1,323.5,193.4,279.0,273.7,268.8,207.3
OL,238.6,239.2,222.8,278.4,268.8,65.0,493.5,471.6,489.0,322.0,465.9,286.2,292.8,279.3,42.7,148.3,314.5,213.7,263.9,424.9,210.2,250.3,273.8,326.7,130.7,171.8,331.4,241.0,306.0,291.2,219.2,141.9,114.6,296.2,299.7,299.6,293.7,297.9,466.9,274.5,194.2,332.9,452.5,60.3,336.7,237.3,309.8,28.6,276.3,209.6,255.7,178.0,374.3,26.9,64.1,324.6,361.5,119.0,216.2,275.6,243.9,160.4,201.7,462.0,141.9,378.8,103.5,212.2,276.0,131.9,236.7,141.2,348.0,250.9,194.1,318.5,254.4,440.3,411.4,145.9,0.0,250.2,73.8,277.9,77.8,225.5,266.0,509.7,252.4,189.0,333.0,220.2,131.0,157.9,521.0,64.5,225.4,149.1,149.7,523.7,303.2,306.2,157.9,640.9,508.8,493.5,258.4,331.7,484.9,205.0,291.1,175.8,344.9,246.7,135.3,348.1,212.5,506.9,287.1,60.2,46.7,79.5,133.2,387.3,85.3,214.7,258.3,290.7,254.4,286.9,418.7,245.8,374.2,211.1,159.4,259.7
PD,162.7,90.8,275.2,254.2,74.0,318.7,356.6,334.7,399.6,479.9,341.9,78.2,212.8,61.8,221.3,130.0,428.2,195.4,517.6,288.0,120.5,469.9,462.8,76.4,213.0,302.6,307.2,45.9,128.6,267.0,472.9,179.0,224.8,113.4,454.6,275.4,407.4,276.0,377.5,54.9,99.4,446.6,315.6,229.1,159.3,63.3,427.4,235.4,520.3,105.3,47.7,193.1,337.8,287.2,202.7,460.8,224.6,379.3,237.5,183.1,69.9,270.6,177.4,338.0,179.0,241.9,296.0,150.8,509.4,287.8,13.8,272.0,211.1,36.0,169.2,294.3,80.4,303.4,274.5,198.8,264.1,0.0,252.3,27.6,233.7,479.2,15.7,420.3,44.4,89.1,284.8,120.3,145.8,313.8,384.1,274.4,479.1,305.0,149.1,386.8,268.4,495.7,196.1,766.2,419.4,356.6,510.3,445.4,450.7,244.2,154.2,65.0,320.7,491.2,389.0,97.8,466.2,370.0,498.3,243.6,257.1,258.0,264.0,286.4,277.5,468.4,158.4,228.7,141.6,400.6,281.8,57.8,237.3,75.8,198.9,81.4
PF,258.0,258.6,238.7,294.3,288.2,87.9,509.4,487.5,485.9,280.4,481.8,289.7,308.7,282.8,119.8,128.8,346.4,167.0,222.3,440.8,229.6,208.7,232.2,330.2,127.6,129.6,347.3,260.4,309.5,307.1,177.6,138.8,111.5,315.6,258.1,315.5,292.0,313.8,463.8,308.7,213.6,297.2,468.4,92.2,340.2,240.8,268.2,105.7,234.7,213.1,259.2,197.4,390.2,104.0,137.9,283.0,377.4,135.3,232.1,295.0,247.4,176.3,172.1,477.9,138.8,394.7,180.6,191.0,234.4,209.0,240.2,99.0,363.9,270.3,172.9,334.4,257.9,456.2,427.3,142.8,77.0,253.7,0.0,281.4,154.9,183.9,269.5,506.6,255.9,192.5,348.9,211.7,150.4,235.0,536.9,130.5,183.8,226.2,223.5,539.6,319.1,264.6,154.8,599.3,505.7,509.4,216.8,363.6,481.8,220.9,307.0,179.3,360.8,205.1,93.7,341.2,170.9,522.8,245.5,137.3,123.8,5.7,91.0,403.2,25.1,173.1,253.7,306.6,273.8,318.8,434.6,249.3,390.1,230.5,233.2,263.2
PG,163.2,108.6,291.8,272.7,74.5,329.4,375.1,353.2,418.1,480.4,360.4,94.8,225.8,62.3,221.8,146.6,428.7,212.0,528.0,306.5,115.9,470.4,463.3,76.9,229.6,319.2,322.9,46.4,129.1,285.5,483.3,195.6,241.4,113.9,455.1,295.6,407.9,292.6,396.0,65.2,99.9,447.4,334.1,229.6,159.8,79.9,427.9,233.5,520.8,121.9,66.3,193.2,360.0,287.7,219.3,461.3,231.7,379.8,254.1,191.4,86.8,287.2,194.0,379.9,195.6,260.4,296.5,167.7,509.9,288.3,24.8,288.6,229.6,36.5,185.8,312.8,97.0,321.9,293.0,215.4,264.6,16.5,268.9,0.0,234.2,496.9,16.2,438.8,61.0,105.7,303.3,136.9,146.3,314.3,394.1,274.9,489.5,305.5,159.0,413.9,286.9,496.2,212.7,766.7,437.9,375.1,510.8,450.7,469.2,260.8,172.7,97.0,339.2,491.7,390.3,70.1,476.6,388.8,498.8,244.1,257.6,274.6,280.6,311.8,294.4,483.5,175.0,247.2,142.1,401.1,300.3,74.4,255.8,76.3,227.2,81.9
PH,197.8,198.4,279.0,334.6,228.0,94.8,572.7,550.8,545.2,308.0,558.0,336.9,349.0,235.8,44.6,188.1,256.3,226.3,293.7,504.1,169.4,280.1,290.9,287.4,186.9,259.3,387.6,200.2,302.6,347.4,249.0,198.1,170.8,255.4,282.7,355.8,235.5,354.1,523.1,233.7,153.4,274.7,531.7,147.8,333.3,324.8,255.5,58.7,306.1,297.1,306.4,137.2,430.5,68.6,151.6,288.9,440.7,150.4,272.4,234.8,331.4,216.6,231.4,554.1,198.1,458.0,62.2,250.3,305.8,54.0,272.5,228.7,427.2,210.1,232.2,374.7,341.9,519.5,490.6,202.1,87.4,258.6,161.3,250.2,0.0,255.3,231.4,565.9,303.1,276.5,389.2,307.7,90.2,80.0,600.2,40.6,255.2,71.2,113.8,602.9,359.4,323.8,214.1,594.3,565.0,572.7,288.2,273.5,541.1,261.2,370.3,263.3,401.1,276.5,165.1,320.4,242.3,586.1,316.9,38.7,52.2,167.0,220.7,443.5,157.8,244.5,345.8,346.9,213.6,228.7,497.9,316.5,453.4,170.3,163.6,255.4
PQ,431.3,431.9,292.8,348.4,463.3,139.5,563.5,541.6,542.2,115.1,535.9,390.8,362.8,469.8,236.5,338.8,183.4,348.0,96.9,494.9,402.9,24.7,122.8,517.2,293.1,244.4,401.4,433.7,496.5,361.2,68.2,326.7,312.9,488.9,74.1,369.6,128.1,367.9,520.1,473.8,386.9,94.8,522.5,250.8,527.2,402.7,158.8,222.4,109.3,400.1,421.3,370.7,444.3,192.8,254.6,83.7,431.5,143.1,286.2,468.3,397.5,230.4,337.6,532.0,326.7,448.8,229.7,356.5,56.5,263.6,427.2,249.8,418.0,443.6,338.4,388.5,389.1,510.3,481.4,308.3,193.7,440.7,185.4,457.7,233.4,0.0,456.5,562.9,424.6,379.5,403.0,377.2,323.7,289.6,591.0,182.1,58.4,280.8,340.2,593.7,373.2,99.3,320.3,415.3,562.0,563.5,47.5,200.6,538.1,275.0,361.1,366.3,414.9,95.7,121.5,395.3,61.5,576.9,67.6,226.6,213.1,179.0,241.8,457.3,158.0,28.3,405.3,360.7,447.1,155.8,488.7,436.3,444.2,403.8,349.9,450.2
PX,146.9,82.8,302.4,263.3,58.2,312.8,365.7,343.8,408.7,464.1,351.0,105.4,221.9,46.0,205.5,157.2,412.4,222.6,511.7,297.1,99.6,454.1,447.0,60.6,240.2,329.8,316.3,30.1,112.8,276.1,467.0,206.2,252.0,97.6,438.8,284.5,391.6,303.2,386.6,64.0,83.6,430.8,324.7,213.3,143.5,90.5,411.6,219.6,504.5,111.1,74.9,177.3,346.9,271.4,223.0,445.0,233.7,363.5,264.7,175.1,97.1,297.8,204.6,347.1,206.2,251.0,280.2,178.0,493.6,272.0,41.0,299.2,220.2,20.2,196.4,303.4,107.6,312.5,283.6,226.0,248.3,27.1,266.7,18.7,217.9,480.6,0.0,429.4,71.6,116.3,293.9,147.5,130.0,298.0,393.2,258.6,473.2,289.2,133.3,395.9,277.5,479.9,223.3,750.4,428.5,365.7,494.5,429.6,459.8,271.4,163.3,92.2,329.8,475.4,383.1,88.9,460.3,379.1,482.5,227.8,241.3,272.4,291.2,295.5,333.7,462.5,185.6,237.8,125.8,384.8,290.9,85.0,246.4,60.0,183.1,65.6
QF,425.6,325.2,269.1,157.5,289.9,438.9,213.9,218.9,40.3,591.7,199.2,353.0,136.6,327.4,484.2,352.5,684.9,390.7,573.3,152.0,328.8,501.3,583.2,353.1,287.5,326.7,104.5,322.6,394.2,153.5,528.6,321.1,307.3,375.9,550.7,136.3,664.1,219.2,252.8,300.4,345.9,571.4,190.9,386.3,424.9,338.1,619.2,498.3,585.7,380.1,322.5,456.0,108.0,461.8,428.2,560.3,171.0,486.3,232.7,417.5,344.7,222.1,332.0,195.3,321.1,117.2,558.9,333.7,533.1,550.7,288.6,357.3,166.2,312.7,332.6,117.4,355.2,160.7,149.8,302.7,434.8,274.7,405.6,284.3,496.6,476.5,292.4,0.0,319.2,363.9,125.3,395.1,408.7,576.7,241.4,481.5,534.8,567.9,412.0,284.6,154.6,575.9,314.7,891.9,60.1,213.9,524.1,702.1,326.0,251.3,205.7,339.8,91.5,556.1,444.7,221.9,521.9,267.8,544.2,506.5,520.0,399.2,351.7,238.1,376.1,524.1,433.2,137.8,400.7,657.3,158.2,332.6,172.9,352.5,461.8,347.0
QL,215.8,143.9,266.0,307.3,127.1,309.5,409.7,387.8,452.7,533.0,395.0,33.7,265.9,114.9,274.4,120.8,481.3,186.2,508.4,341.1,173.6,494.8,515.9,129.5,203.8,293.4,360.3,99.0,163.0,320.1,463.7,169.8,215.6,166.5,507.7,328.5,460.5,231.5,430.6,108.0,152.5,499.7,368.7,250.2,193.7,54.1,480.5,288.5,520.8,96.1,3.2,246.2,390.9,294.7,193.5,513.9,277.7,386.8,228.3,236.2,60.7,261.4,168.2,391.1,169.8,295.0,349.1,141.6,520.5,340.9,39.5,262.8,264.2,89.1,160.0,347.4,71.2,356.5,327.6,189.6,267.7,53.0,243.1,80.7,286.8,470.0,68.8,473.4,0.0,79.9,337.9,111.1,198.9,366.9,437.2,327.5,469.9,358.1,202.2,439.9,321.5,548.8,186.9,819.3,472.5,409.7,502.9,498.5,503.8,235.0,207.3,55.8,373.8,491.2,379.8,150.9,457.0,423.1,531.6,296.7,310.2,248.8,254.8,320.9,268.3,459.2,149.2,281.8,194.7,453.7,334.9,30.6,290.4,128.9,252.0,116.7
QO,261.0,187.6,186.0,273.5,163.0,246.6,454.8,432.9,527.1,503.6,427.2,134.2,289.7,127.3,247.6,57.9,441.5,123.3,445.5,386.2,218.8,431.9,455.4,174.7,123.8,230.5,323.7,144.2,154.0,286.3,400.8,106.9,152.7,211.7,481.3,296.1,420.7,259.2,505.0,153.2,197.7,459.9,413.8,187.3,184.7,85.3,440.7,233.5,457.9,57.6,105.7,291.0,369.4,231.8,130.6,506.2,311.4,323.9,148.3,279.9,91.9,198.5,88.2,423.3,106.9,340.1,308.4,61.6,457.6,336.8,90.1,199.9,309.3,134.3,80.0,313.6,102.4,401.6,372.7,109.6,204.8,98.2,180.2,125.9,282.7,407.1,114.0,547.8,100.4,0.0,328.1,31.1,244.1,362.8,482.3,269.4,407.0,354.0,228.6,493.6,298.3,487.8,106.9,822.5,546.9,454.8,440.0,458.7,523.0,155.0,252.4,32.7,340.0,428.3,307.8,196.1,394.1,468.2,468.7,265.1,251.6,185.9,191.9,355.5,205.4,401.0,69.2,285.8,239.9,413.9,380.0,93.8,335.5,174.1,248.0,107.7
QS,387.2,286.8,196.9,53.4,251.5,366.7,275.2,280.2,336.2,519.5,260.5,314.6,74.3,289.0,445.8,280.3,646.5,318.5,501.1,213.3,290.4,429.1,511.0,314.7,215.3,254.5,59.5,284.2,355.8,28.1,456.4,248.9,235.1,337.5,478.5,65.6,532.5,180.8,314.1,262.0,307.5,499.2,252.2,314.1,386.5,299.7,547.0,391.3,513.5,341.7,284.1,417.6,102.4,389.6,356.0,488.1,232.3,414.1,160.5,379.1,306.3,149.9,259.8,256.6,248.9,178.5,466.2,261.5,460.9,512.3,250.2,285.1,227.5,274.3,260.4,46.6,316.8,222.0,211.1,230.5,362.6,236.3,333.4,245.9,458.2,404.3,254.0,356.9,280.8,325.5,0.0,282.2,370.3,538.3,302.7,409.3,462.6,529.5,373.6,345.9,111.7,503.7,242.5,819.7,356.0,275.2,451.9,663.7,387.3,179.1,167.3,301.4,73.0,483.9,372.5,183.5,449.7,329.1,472.0,422.9,409.4,327.0,279.5,230.5,303.9,451.9,324.2,46.7,362.3,618.9,219.5,294.2,234.2,314.1,423.4,308.6
QU,291.7,218.3,154.8,242.3,193.7,277.3,423.6,401.7,513.4,472.5,396.0,143.3,256.7,158.0,278.3,88.6,472.2,154.0,414.4,355.0,249.5,400.8,424.3,205.4,92.6,231.4,295.3,174.9,184.7,255.1,369.7,117.7,139.0,242.4,450.2,264.9,451.4,228.0,491.3,183.9,228.4,489.3,382.6,218.0,215.4,96.6,460.3,264.2,426.8,88.3,134.4,322.1,338.2,262.5,161.3,475.1,291.6,354.6,117.1,310.6,91.4,184.8,92.9,392.1,117.7,308.9,339.1,30.4,426.5,367.5,115.4,200.8,278.1,165.0,48.8,282.4,83.0,370.4,341.5,78.4,235.5,128.9,210.9,156.6,313.4,376.0,144.7,534.1,131.1,30.6,296.9,0.0,274.8,393.5,451.1,300.1,375.9,384.7,269.0,453.8,267.1,456.7,111.6,791.4,533.2,423.6,408.9,489.4,509.3,123.8,221.2,54.5,308.8,397.2,285.8,226.8,363.0,437.0,437.6,295.8,282.3,216.6,192.8,317.4,217.2,365.2,38.0,254.6,270.6,444.6,348.8,124.5,304.3,204.8,278.7,138.4
QZ,107.5,108.1,233.6,289.2,137.7,182.7,482.4,460.5,499.8,387.0,467.7,246.6,303.6,145.5,75.4,142.7,335.3,180.9,381.6,413.8,79.1,377.0,369.9,197.1,141.5,203.2,342.2,109.9,212.3,302.0,336.9,152.7,125.4,165.1,361.7,310.4,314.5,308.7,477.7,143.4,63.1,353.7,441.4,83.2,243.0,231.7,334.5,89.5,394.0,210.6,216.1,47.2,385.1,141.3,92.9,367.9,350.4,233.4,227.0,144.5,238.3,171.2,186.0,463.8,152.7,367.7,150.1,204.9,393.7,141.9,182.2,172.6,336.9,119.8,186.8,329.3,248.8,429.2,400.3,156.7,118.2,168.3,136.6,159.9,87.8,343.2,141.1,520.5,212.8,206.4,343.8,225.6,0.0,167.9,509.9,128.5,343.1,159.1,23.5,512.6,314.0,402.8,168.7,673.3,519.6,482.4,376.1,352.5,495.7,215.8,280.0,193.2,355.7,364.4,253.0,230.1,330.2,495.8,404.8,97.7,111.2,142.3,164.6,398.1,203.6,332.4,267.6,301.5,123.3,307.7,407.6,226.2,363.1,80.0,73.3,165.1
RA,272.9,273.5,354.1,409.7,303.1,166.0,647.8,625.9,620.3,383.1,633.1,412.0,424.1,310.9,119.7,263.2,331.4,301.4,364.9,579.2,244.5,351.3,366.0,362.5,262.0,334.4,462.7,275.3,377.7,422.5,320.2,273.2,245.9,330.5,357.8,432.3,310.6,429.2,598.2,308.8,228.5,349.8,606.8,222.9,408.4,399.9,330.6,133.8,377.3,372.2,381.5,212.3,505.6,139.8,226.7,364.0,515.8,197.3,347.5,309.9,406.5,291.7,306.5,629.2,273.2,533.1,99.7,325.4,377.0,71.5,347.6,303.8,502.3,285.2,307.3,449.8,417.0,594.6,565.7,277.2,162.5,333.7,236.4,325.3,75.0,326.5,306.5,641.0,378.2,351.6,464.3,382.8,165.3,0.0,675.3,111.8,326.4,44.3,188.9,678.0,434.5,398.9,289.2,669.4,640.1,647.8,359.4,348.6,616.2,336.3,445.4,338.4,476.2,347.7,236.3,395.5,313.5,661.2,388.1,113.8,127.3,242.1,295.8,518.6,229.0,315.7,420.9,422.0,288.7,303.8,573.0,391.6,528.5,245.4,238.7,330.5
RD,538.5,436.9,394.2,296.3,401.6,568.3,61.5,36.8,220.1,716.8,162.2,464.7,266.0,440.3,595.9,477.6,797.8,515.8,698.4,116.8,441.7,626.4,708.3,466.0,412.6,451.8,243.3,435.5,505.9,269.7,658.0,446.2,432.4,488.8,675.8,273.7,729.8,332.1,198.0,412.1,458.8,696.5,57.0,511.4,537.8,451.0,744.3,592.9,710.8,496.3,434.2,567.7,201.7,586.9,553.3,685.4,194.7,611.4,357.8,530.4,456.4,347.2,457.1,167.2,446.2,182.7,663.5,458.8,658.2,663.6,394.7,482.4,211.3,425.6,457.7,257.4,468.1,92.3,216.5,427.8,559.9,387.6,530.7,396.0,609.5,601.6,405.3,240.8,432.1,480.1,238.2,479.5,521.6,689.6,0.0,606.6,659.9,680.8,523.7,106.8,267.5,705.3,439.8,1017.0,239.9,32.8,649.2,813.8,271.2,376.4,337.7,451.5,204.4,673.7,574.1,334.8,647.0,78.2,673.6,618.2,606.7,516.8,476.8,196.6,505.5,653.5,521.5,277.6,513.6,770.2,123.0,445.5,180.3,464.2,573.5,459.9
RW,249.1,249.7,284.3,339.9,279.3,54.1,555.0,533.1,550.5,311.1,527.4,352.6,354.3,287.1,90.8,214.7,307.6,231.6,253.0,486.4,220.7,239.4,262.9,338.7,192.2,227.1,392.9,251.5,353.9,352.7,208.3,203.4,176.1,306.7,288.8,361.1,286.8,359.4,528.4,285.0,204.7,326.0,514.0,126.7,384.6,303.7,298.9,76.7,265.4,276.0,322.1,188.5,435.8,27.9,130.5,313.7,423.0,109.7,277.7,286.1,310.3,221.9,268.1,523.5,203.4,440.3,89.6,278.6,265.1,81.4,303.1,196.5,409.5,261.4,260.5,380.0,320.8,501.8,472.9,207.4,66.3,316.6,129.1,301.5,51.2,214.6,282.7,571.2,318.8,255.4,394.5,286.6,141.5,107.4,582.5,0.0,214.5,98.6,165.1,585.2,364.7,295.3,219.4,630.0,570.3,555.0,247.5,324.8,546.4,266.5,352.6,242.2,406.4,235.8,124.4,371.7,201.6,568.4,276.2,61.7,48.2,134.8,188.5,448.8,117.1,203.8,324.7,352.2,264.9,280.0,480.2,312.2,435.7,221.6,225.8,306.7
SC,430.2,430.8,353.6,409.2,460.4,138.4,624.3,602.4,603.0,96.5,596.7,451.6,423.6,468.7,235.4,337.7,210.4,346.9,38.4,555.7,401.8,83.8,95.1,516.1,286.2,279.3,462.2,432.6,495.4,422.0,40.5,318.7,270.1,487.8,133.2,430.4,154.9,428.7,580.9,466.1,385.8,135.6,583.3,249.7,526.1,426.7,131.1,221.3,50.8,399.0,445.1,369.6,505.1,191.7,253.5,121.4,492.3,142.0,347.0,467.2,433.3,291.2,330.7,592.8,318.7,509.6,228.6,349.6,61.0,262.5,426.1,248.7,478.8,442.5,331.5,449.3,443.8,571.1,542.2,301.4,192.6,439.6,184.3,467.3,232.3,72.7,455.4,623.7,441.8,378.4,463.8,409.6,322.6,288.5,651.8,181.0,0.0,279.7,339.1,654.5,434.0,80.7,313.4,456.4,622.8,624.3,32.9,227.6,598.9,335.8,421.9,365.2,475.7,68.0,120.4,456.1,33.8,637.7,72.1,225.5,212.0,177.9,240.7,518.1,156.9,40.0,447.7,421.5,446.0,214.9,549.5,435.2,505.0,402.7,348.8,449.1
SG,250.4,251.0,331.6,387.2,280.6,143.5,625.3,603.4,597.8,360.6,610.6,389.5,401.6,288.4,97.2,240.7,308.9,278.9,342.4,556.7,222.0,328.8,343.5,340.0,239.5,311.9,440.2,252.8,355.2,400.0,297.7,250.7,223.4,308.0,335.3,408.4,288.1,406.7,575.7,286.3,206.0,327.3,584.3,200.4,385.9,377.4,308.1,111.3,354.8,349.7,359.0,189.8,483.1,117.3,204.2,341.5,493.3,174.8,325.0,287.4,384.0,269.2,284.0,606.7,250.7,510.6,77.2,302.9,354.5,49.0,325.1,281.3,479.8,262.7,284.8,427.3,394.5,572.1,543.2,254.7,140.0,311.2,213.9,302.8,52.5,304.0,284.0,618.5,355.7,329.1,441.8,360.3,142.8,50.6,652.8,89.3,303.9,0.0,166.4,655.5,412.0,376.4,266.7,646.9,617.6,625.3,336.9,326.1,593.7,313.8,422.9,315.9,453.7,325.2,213.8,373.0,291.0,638.7,365.6,91.3,104.8,219.6,273.3,496.1,206.5,293.2,398.4,399.5,266.2,281.3,550.5,369.1,506.0,222.9,216.2,308.0
SN,121.0,112.1,247.4,303.0,160.9,196.5,495.9,474.0,513.6,400.8,490.5,260.1,266.7,159.0,89.2,156.5,349.1,194.7,395.4,427.3,92.6,390.8,383.7,210.6,155.3,217.0,353.2,123.4,225.8,315.8,360.4,166.5,139.2,178.6,375.5,333.9,328.3,322.5,491.5,164.6,76.6,377.2,454.9,97.0,256.5,268.5,348.3,100.9,407.8,240.8,231.6,60.6,396.2,155.1,103.4,381.7,352.5,247.2,240.8,158.0,273.8,185.0,199.8,510.0,166.5,381.2,163.9,218.7,407.5,155.7,190.1,186.4,350.4,133.3,200.6,343.1,285.6,442.7,413.8,170.5,132.0,181.8,150.4,173.8,101.6,357.0,154.6,534.3,226.3,218.9,357.6,239.4,13.7,181.7,514.9,142.3,356.9,172.9,0.0,534.7,327.8,416.6,182.5,687.1,533.4,495.9,389.9,371.1,509.5,229.6,293.5,215.9,369.5,378.2,257.7,243.6,344.0,509.3,418.6,111.5,125.0,165.8,178.4,418.8,217.4,350.9,281.4,315.3,136.8,321.5,421.1,239.7,376.6,93.5,77.5,178.6
SR,588.2,497.3,436.4,345.3,464.6,606.2,138.1,71.4,221.1,790.8,224.2,515.6,353.3,490.0,644.9,519.8,859.1,558.0,740.6,159.0,491.4,700.4,750.5,515.7,454.8,494.0,297.0,485.2,568.9,358.1,708.0,488.4,474.6,538.5,749.8,336.7,803.8,381.8,199.0,454.8,508.5,770.5,58.0,553.6,587.5,500.7,786.5,633.2,753.0,554.8,487.1,618.2,256.3,629.1,595.5,759.4,236.9,653.6,400.0,580.1,507.3,389.4,499.3,243.7,488.4,233.6,705.7,513.1,732.2,713.3,457.7,524.6,258.9,475.3,499.9,307.1,517.8,185.7,266.2,470.0,602.1,437.3,572.9,447.3,659.2,675.6,455.0,241.8,481.8,538.6,287.9,521.7,571.3,739.3,113.0,648.8,702.1,730.5,584.0,0.0,317.2,787.1,482.0,1091.0,240.9,154.4,723.2,881.1,272.2,418.6,392.0,517.8,254.1,723.4,602.9,384.5,689.2,40.9,755.4,662.4,648.9,578.6,519.0,256.2,555.5,694.4,563.7,319.8,563.3,831.5,165.2,495.2,222.5,515.1,652.2,509.6
SS,323.8,223.4,196.9,98.3,188.1,366.7,292.9,252.4,317.3,519.5,264.7,251.2,56.9,225.6,382.4,303.0,583.1,318.5,501.1,219.9,227.0,429.1,511.0,251.3,215.3,254.5,148.5,220.8,292.4,111.1,456.4,248.9,235.1,274.1,478.5,120.9,562.3,117.4,295.2,198.6,244.1,499.2,233.3,314.1,323.1,236.3,582.3,396.5,513.5,278.3,220.7,354.2,191.4,389.6,375.7,488.1,142.3,414.1,160.5,315.7,242.9,149.9,259.8,260.8,248.9,159.6,457.1,261.5,460.9,448.9,186.8,285.1,128.8,210.9,260.4,135.6,253.4,257.7,192.2,230.5,362.6,172.9,333.4,182.5,394.8,404.3,190.6,338.0,217.4,262.1,110.9,293.3,306.9,474.9,320.4,435.5,462.6,466.1,310.2,304.5,0.0,503.7,242.5,819.7,337.1,310.9,451.9,600.3,368.4,179.1,103.9,238.0,162.0,483.9,372.5,120.1,449.7,287.7,472.0,404.7,418.2,327.0,279.5,186.1,303.9,451.9,331.4,54.8,298.9,555.5,213.7,230.8,165.1,250.7,360.0,245.2
TG,509.7,500.8,398.2,453.8,509.2,217.9,668.9,647.0,647.6,15.8,641.3,496.2,417.5,548.2,314.9,417.2,138.5,426.4,42.2,600.3,481.3,78.8,44.4,595.6,398.5,349.8,504.0,481.4,574.9,466.6,99.9,432.1,349.6,536.6,103.6,475.0,83.0,473.3,625.5,545.6,465.3,55.8,627.9,329.2,605.6,506.2,59.2,300.8,29.8,478.5,524.6,448.7,547.0,271.2,333.0,55.5,525.5,221.5,391.6,546.7,502.9,335.8,443.0,660.8,432.1,554.2,308.1,461.9,81.8,342.0,511.0,328.2,523.4,491.3,443.8,493.9,494.5,615.7,586.8,413.7,272.1,519.1,263.8,546.8,311.8,105.3,534.9,668.3,521.3,457.9,508.4,482.6,402.1,368.0,696.4,260.5,79.4,359.2,408.9,699.1,478.6,0.0,425.7,453.3,667.4,668.9,99.7,160.5,643.5,380.4,466.5,444.7,520.3,72.8,166.3,500.7,110.5,682.3,70.7,305.0,291.5,257.4,320.2,569.6,236.4,124.2,510.7,466.1,451.1,161.8,594.1,514.7,549.6,451.5,456.1,528.6
TH,365.3,291.9,148.5,204.1,267.3,196.4,419.2,397.3,460.7,419.8,391.6,238.5,218.5,231.6,202.9,77.6,402.2,115.8,361.7,350.6,323.1,348.1,371.6,279.0,39.9,178.7,257.1,248.5,258.3,216.9,317.0,20.2,86.3,316.0,397.5,225.3,381.4,223.6,438.6,257.5,302.0,420.6,378.2,148.0,289.0,189.6,401.4,190.8,374.1,161.9,208.0,322.1,300.0,189.1,153.3,422.4,287.2,274.7,141.9,384.2,194.9,132.1,59.9,387.7,20.2,304.5,265.7,78.8,373.8,269.4,189.0,148.1,273.7,238.6,60.7,244.2,186.5,366.0,337.1,30.6,162.1,202.5,140.9,230.2,215.3,323.3,218.3,481.4,204.7,111.1,258.7,99.5,274.8,295.4,446.7,226.7,323.2,286.6,261.0,449.4,228.9,404.0,0.0,738.7,480.5,419.2,356.2,419.4,456.6,130.7,216.8,128.1,270.6,344.5,233.1,251.0,310.3,432.6,384.9,222.4,208.9,146.6,140.1,313.0,164.5,312.5,141.5,216.4,344.2,374.6,344.4,198.1,299.9,278.4,270.7,212.0
TJ,769.2,794.4,721.0,776.6,800.8,567.7,991.7,969.8,970.4,470.1,964.1,819.0,791.0,808.6,671.6,741.5,481.0,779.7,463.8,923.1,760.2,419.2,481.1,860.2,721.3,672.6,829.6,773.0,875.4,789.4,485.8,754.9,724.2,828.2,438.5,797.8,425.7,796.1,948.3,822.8,744.2,430.5,950.7,679.0,906.1,830.9,445.7,650.6,476.2,828.3,849.5,708.6,872.5,621.0,682.8,444.7,859.7,571.3,714.4,806.7,825.7,658.6,765.8,960.2,754.9,877.0,657.9,784.7,433.0,691.8,845.3,678.0,846.2,782.9,766.6,816.7,817.3,938.5,909.6,736.5,621.9,831.4,613.6,823.0,655.8,428.1,804.2,991.1,852.8,807.7,831.2,805.4,661.6,717.8,1019.2,610.3,465.1,709.0,685.2,1021.9,801.4,480.6,748.5,0.0,990.2,991.7,424.0,498.2,966.3,703.2,789.3,794.5,843.1,464.9,549.7,823.5,489.7,1005.1,444.1,647.7,641.3,607.2,670.0,885.5,586.2,456.5,833.5,788.9,742.7,453.4,916.9,864.5,872.4,743.1,735.0,828.2
TV,365.4,265.0,208.9,97.3,229.7,378.7,153.7,158.7,214.7,531.5,139.0,292.8,76.4,267.2,424.0,292.3,624.7,330.5,513.1,91.8,268.6,441.1,523.0,292.9,227.3,266.5,44.3,262.4,334.0,93.3,468.4,260.9,247.1,315.7,490.5,74.7,603.9,159.0,192.6,240.2,285.7,511.2,130.7,326.1,364.7,277.9,559.0,438.1,525.5,319.9,262.3,395.8,47.8,401.6,368.0,500.1,110.8,426.1,172.5,357.3,284.5,161.9,271.8,135.1,260.9,57.0,498.7,273.5,472.9,490.5,228.4,297.1,106.0,252.5,272.4,57.2,295.0,100.5,89.6,242.5,374.6,214.5,345.4,224.1,436.4,416.3,232.2,235.4,259.0,303.7,65.1,334.9,348.5,516.5,181.2,421.3,474.6,507.7,351.8,224.4,94.4,515.7,254.5,831.7,0.0,153.7,463.9,641.9,265.8,191.1,145.5,279.6,31.3,495.9,384.5,161.7,461.7,207.6,484.0,446.3,459.8,339.0,291.5,177.9,315.9,463.9,373.0,77.6,340.5,597.1,98.0,272.4,112.7,292.3,401.6,286.8
TW,508.9,408.5,375.1,267.9,373.2,544.9,28.6,66.0,249.3,697.7,129.3,436.3,242.6,410.7,567.5,458.5,768.2,496.7,679.3,97.7,412.1,607.3,689.2,436.4,393.5,432.7,214.9,405.9,477.5,236.8,634.6,427.1,413.3,459.2,656.7,245.3,710.7,302.5,227.2,383.7,429.2,677.4,86.2,492.3,508.2,421.4,725.2,569.5,691.7,463.4,405.8,539.3,173.3,567.8,534.2,666.3,164.2,592.3,338.7,500.8,428.0,328.1,438.0,125.4,427.1,154.3,642.2,439.7,639.1,634.0,371.9,463.3,182.9,396.0,438.6,227.8,438.5,59.4,186.9,408.7,540.8,358.0,511.6,367.6,579.9,582.5,375.7,270.0,402.5,447.2,208.6,460.4,492.0,660.0,29.1,587.5,640.8,651.2,495.3,131.7,237.9,681.9,420.7,997.9,269.1,0.0,630.1,785.4,300.4,357.3,311.1,423.1,174.8,662.1,550.7,305.2,627.9,114.9,650.2,589.8,587.6,505.2,457.7,168.2,482.1,630.1,502.4,258.5,484.0,740.6,103.9,415.9,161.2,435.8,545.1,430.3
UD,471.1,471.7,332.6,388.2,503.1,179.3,603.3,581.4,582.0,97.8,575.7,430.6,402.6,509.6,276.3,378.6,183.2,387.8,39.7,534.7,442.7,50.8,67.9,557.0,332.9,284.2,441.2,473.5,536.3,401.0,61.7,366.5,352.7,528.7,100.2,409.4,127.7,407.7,559.9,513.6,426.7,90.8,562.3,290.6,567.0,442.5,103.9,262.2,52.1,439.9,461.1,410.5,484.1,232.6,294.4,76.6,471.3,182.9,326.0,508.1,437.3,270.2,377.4,571.8,366.5,488.6,269.5,396.3,28.0,303.4,467.0,289.6,457.8,483.4,378.2,428.3,428.9,550.1,521.2,348.1,233.5,480.5,225.2,497.5,273.2,39.7,496.3,602.7,464.4,419.3,442.8,417.0,363.5,329.4,630.8,221.9,41.0,320.6,380.0,633.5,413.0,82.0,360.1,423.4,601.8,603.3,0.0,200.4,577.9,314.8,400.9,406.1,454.7,40.8,161.3,435.1,77.7,616.7,39.1,266.4,252.9,218.8,281.6,497.1,197.8,44.5,445.1,400.5,486.9,181.9,528.5,476.1,484.0,443.6,389.7,490.0
UF,427.1,447.3,473.2,528.8,458.7,293.6,743.9,722.0,722.6,121.2,716.3,571.2,492.5,466.5,329.5,399.4,14.0,437.6,174.0,675.3,418.1,153.8,104.1,518.1,398.2,424.8,579.0,430.9,537.2,541.6,163.5,409.4,382.1,486.1,138.5,553.9,73.4,548.3,700.5,488.4,402.1,130.5,702.9,404.9,564.0,581.9,68.7,378.9,161.6,554.2,539.1,366.1,622.0,346.9,408.7,144.7,600.5,297.2,466.6,464.6,577.9,410.8,442.7,735.8,409.4,633.1,383.8,465.5,193.3,367.8,497.6,403.9,598.4,440.8,443.5,568.9,569.5,690.7,661.8,413.4,347.8,489.3,339.5,481.3,313.7,180.3,462.1,743.3,533.8,537.5,583.4,482.3,319.5,393.8,762.9,336.2,190.1,385.0,352.5,782.7,553.6,137.0,425.4,450.1,742.4,743.9,194.2,0.0,718.5,459.3,545.4,529.3,595.3,136.4,242.0,575.7,170.2,761.2,186.1,305.6,319.1,333.1,395.9,644.6,312.1,204.0,585.7,541.1,400.6,111.3,669.1,590.4,624.6,401.0,420.7,486.1
UM,476.1,375.7,319.6,208.0,340.4,489.4,264.4,269.4,90.8,658.5,281.2,403.5,187.1,377.9,534.7,403.0,735.4,441.2,630.7,202.5,379.3,568.1,633.7,403.6,338.0,377.2,155.0,373.1,444.7,204.0,579.1,371.6,357.8,426.4,617.5,185.4,671.5,269.7,68.7,350.9,396.4,638.2,241.4,479.4,475.4,388.6,669.7,548.8,643.1,430.6,373.0,506.5,158.5,512.3,478.7,627.1,221.5,536.8,283.2,468.0,395.2,272.6,382.5,284.6,371.6,167.7,609.4,384.2,599.9,601.2,339.1,407.8,216.7,363.2,383.1,167.9,405.7,211.2,200.3,353.2,485.3,325.2,456.1,334.8,547.1,543.3,342.9,111.5,369.7,414.4,175.8,445.6,459.2,627.2,291.9,532.0,596.9,618.4,462.5,335.1,205.1,642.7,365.2,958.7,110.6,264.4,590.9,752.6,0.0,301.8,256.2,390.3,142.0,606.6,495.2,272.4,572.4,318.3,611.0,557.0,570.5,449.7,402.2,288.6,426.6,566.8,483.7,188.3,451.2,707.8,208.7,383.1,223.4,403.0,512.3,397.5
UN,395.2,304.3,71.0,144.6,259.5,348.8,359.7,337.8,434.1,431.6,332.1,187.0,160.8,270.4,349.8,178.1,513.9,223.5,456.1,291.1,298.4,341.2,466.0,317.8,134.3,166.6,194.8,287.3,297.1,157.4,411.4,177.3,180.7,345.5,390.6,165.8,493.1,164.1,412.0,261.8,315.5,411.3,318.7,259.7,327.8,198.9,502.0,338.1,468.5,200.7,217.5,401.6,240.5,334.0,232.8,400.2,216.3,369.1,53.3,387.1,193.7,62.0,139.8,328.2,177.3,245.0,410.6,91.6,373.0,381.1,233.2,197.2,214.2,277.4,90.5,184.7,185.3,306.5,277.6,120.1,307.0,241.3,252.6,253.9,327.0,316.4,257.1,454.8,220.8,143.0,199.2,112.3,354.3,407.1,384.6,371.6,417.6,398.3,330.8,389.9,169.4,415.8,157.0,731.8,453.9,359.7,364.0,531.1,430.0,0.0,157.3,166.9,211.1,438.9,318.4,191.5,404.7,373.1,384.1,367.3,353.8,258.3,234.5,260.4,258.9,406.9,154.3,156.9,370.3,486.3,284.9,236.9,240.4,317.2,378.0,250.8
UW,365.5,265.1,191.0,99.9,229.8,360.8,202.3,180.4,245.3,513.6,187.6,292.9,58.5,267.3,399.5,274.4,562.4,312.6,495.2,133.7,268.7,423.2,505.1,293.0,209.4,248.6,152.9,262.5,334.1,112.7,450.5,243.0,229.2,315.8,472.6,121.1,526.6,159.1,223.2,240.3,285.8,493.3,161.3,308.2,364.8,278.0,541.1,385.4,507.6,320.0,264.4,395.9,187.2,383.7,350.1,482.2,58.9,408.2,154.6,357.4,284.6,144.0,253.9,192.6,243.0,87.6,460.3,255.6,455.0,429.6,222.9,279.2,56.8,252.6,254.5,140.0,295.1,149.1,120.2,224.6,356.7,214.6,327.5,224.2,375.5,398.4,232.3,266.0,259.1,303.8,130.5,276.3,348.6,455.6,221.3,403.4,456.7,446.8,361.3,232.5,113.9,497.8,236.6,813.8,265.1,202.3,446.0,584.4,296.4,173.2,0.0,295.1,166.4,478.0,357.5,161.8,443.8,215.7,466.1,417.0,403.5,321.1,273.6,139.0,298.0,417.2,318.3,74.4,340.6,534.8,127.5,272.5,83.0,292.4,401.7,286.9
UZ,237.1,173.2,210.1,297.6,130.2,253.6,431.0,409.1,534.1,510.6,416.3,105.7,261.3,103.4,254.6,64.9,448.5,130.3,452.5,362.4,194.9,438.9,462.4,150.8,147.9,237.5,347.8,120.3,121.2,310.4,416.7,113.9,159.7,187.8,488.3,320.2,427.7,283.3,512.0,121.1,173.8,466.9,390.0,194.3,160.8,61.4,447.7,242.9,464.9,24.8,81.8,267.1,390.8,238.8,137.6,513.2,283.0,330.9,172.4,256.0,68.0,205.5,112.3,435.8,113.9,316.3,315.4,85.7,464.6,343.8,66.2,206.9,285.5,110.4,104.1,337.7,78.5,377.8,348.9,133.7,211.8,74.3,187.2,102.4,289.7,414.1,90.1,554.8,76.5,24.0,352.2,55.2,220.2,369.8,450.0,276.4,414.0,361.0,232.9,469.8,322.4,494.8,131.0,829.5,553.9,431.0,447.0,470.5,530.0,179.1,224.0,0.0,364.1,435.3,314.8,172.2,401.1,439.8,475.7,272.1,258.6,192.9,198.9,367.7,212.4,408.0,93.3,309.9,216.0,420.9,356.2,69.9,311.7,145.6,282.8,83.8
VB,370.3,269.9,212.9,65.9,234.6,382.7,207.1,212.1,268.1,535.5,192.4,297.7,81.3,272.1,428.9,296.3,629.6,334.5,517.1,145.2,273.5,445.1,527.0,297.8,231.3,270.5,12.9,267.3,338.9,98.2,472.4,264.9,251.1,320.6,494.5,43.3,608.8,163.9,246.0,245.1,290.6,515.2,184.1,330.1,369.6,282.8,563.0,443.0,529.5,324.8,267.2,400.7,34.3,405.6,372.0,504.1,164.2,430.1,176.5,362.2,289.4,165.9,275.8,188.5,264.9,110.4,503.6,277.5,476.9,495.4,233.3,301.1,159.4,257.4,276.4,25.8,299.9,153.9,143.0,246.5,378.6,219.4,349.4,229.0,441.3,420.3,237.1,288.8,263.9,308.6,70.0,339.8,353.4,521.4,234.6,425.3,478.6,512.6,356.7,277.8,99.3,519.7,258.5,835.7,287.9,207.1,467.9,646.8,319.2,195.1,150.4,284.5,0.0,499.9,388.5,166.6,465.7,261.0,488.0,451.2,464.7,343.0,295.5,231.3,319.9,467.9,377.9,82.5,345.4,602.0,151.4,277.3,166.1,297.2,406.5,291.7
VI,452.8,443.9,392.2,447.8,483.0,161.0,662.9,641.0,641.6,86.5,635.3,490.2,462.2,491.3,258.0,360.3,142.3,369.5,98.1,594.3,424.4,116.7,27.1,538.7,308.8,301.9,498.0,455.2,518.0,460.6,27.0,341.3,292.7,510.4,143.9,469.0,86.8,467.3,619.5,488.7,408.4,107.2,621.9,272.3,548.7,449.3,63.0,243.9,85.7,421.6,467.7,392.2,541.0,214.3,276.1,93.4,519.5,164.6,385.6,489.8,455.9,329.8,353.3,640.3,341.3,548.2,251.2,372.2,80.8,285.1,454.1,271.3,517.4,465.1,354.1,487.9,466.4,609.7,580.8,324.0,215.2,462.2,206.9,489.9,254.9,92.5,478.0,662.3,464.4,401.0,502.4,432.2,345.2,311.1,681.9,203.6,57.5,302.3,352.0,693.1,472.6,70.7,336.0,476.2,661.4,662.9,52.7,164.3,637.5,374.4,460.5,387.8,514.3,0.0,109.4,494.7,37.6,676.3,108.6,248.1,234.6,200.5,263.3,563.6,179.5,83.3,470.3,460.1,468.6,165.6,588.1,457.8,543.6,425.3,371.4,471.7
VN,359.8,350.9,318.0,373.6,373.5,51.5,588.7,566.8,611.9,216.7,561.1,388.7,337.3,398.3,165.0,267.3,283.8,276.5,158.6,520.1,331.4,145.0,168.5,445.7,215.8,208.9,423.8,362.2,408.5,386.4,113.9,248.3,199.7,417.4,194.4,394.8,228.3,393.1,589.8,416.0,315.4,233.5,547.7,179.3,455.7,356.3,204.5,153.3,171.0,328.6,376.7,298.8,466.8,121.3,183.1,219.3,428.8,53.6,311.4,396.8,362.9,255.6,260.3,580.6,248.3,457.5,140.2,262.7,170.7,192.1,344.6,178.3,443.2,372.1,261.1,413.7,373.4,535.5,506.6,231.0,122.2,369.2,113.9,397.3,161.9,120.2,385.0,632.6,371.4,291.5,428.2,339.2,252.2,218.1,607.7,110.6,120.1,209.3,259.0,627.5,398.4,200.9,243.0,535.6,631.7,588.7,153.1,305.8,607.8,283.7,369.8,303.7,440.1,120.4,0.0,420.5,107.2,585.6,160.8,155.1,141.6,107.5,170.3,489.4,70.0,114.1,377.3,385.9,375.6,276.1,513.9,364.8,469.4,315.8,306.2,378.7
VO,241.1,145.5,369.7,300.8,110.2,407.0,403.2,381.3,446.2,556.9,388.5,172.7,259.4,140.2,299.7,224.5,505.2,289.9,605.9,334.6,149.1,546.9,539.8,154.8,307.5,397.1,353.8,124.3,207.0,313.6,561.2,273.5,319.3,191.8,531.6,322.0,484.4,370.5,424.1,120.7,166.2,523.6,362.2,307.5,237.7,157.8,504.4,313.8,597.3,199.8,142.2,271.5,384.4,365.6,297.2,537.8,271.2,457.7,332.0,237.8,164.4,365.1,271.9,384.6,273.5,288.5,374.4,245.3,586.4,366.2,108.3,366.5,257.7,114.4,263.7,340.9,174.9,350.0,321.1,293.3,342.5,94.4,346.8,77.8,312.1,573.4,94.1,466.9,138.9,183.6,331.4,214.8,224.2,392.2,430.7,352.8,567.4,383.4,227.5,433.4,315.0,572.7,290.6,843.2,466.0,403.2,587.3,522.4,497.3,338.7,200.8,159.5,367.3,568.2,477.3,0.0,554.5,416.6,575.3,322.0,335.5,352.5,358.5,333.0,372.0,556.7,252.9,275.3,220.0,477.6,328.4,152.3,283.9,154.2,277.3,159.8
VR,408.6,409.2,348.0,403.6,438.8,116.8,618.7,596.8,597.4,134.2,591.1,446.0,418.0,447.1,213.8,316.1,190.0,325.3,83.6,550.1,380.2,104.8,74.7,494.5,264.6,257.7,456.6,411.0,473.8,416.4,20.1,297.1,248.5,466.2,154.2,424.8,134.5,423.1,575.3,444.5,364.2,154.9,577.7,228.1,504.5,405.1,110.7,199.7,96.0,377.4,423.5,348.0,499.5,170.1,231.9,141.1,486.7,120.4,341.4,445.6,411.7,285.6,309.1,587.2,297.1,504.0,207.0,328.0,95.7,240.9,404.5,227.1,473.2,420.9,309.9,443.7,422.2,565.5,536.6,279.8,171.0,418.0,162.7,445.7,210.7,80.0,433.8,618.1,420.2,356.8,458.2,388.0,301.0,266.9,646.2,159.4,45.1,258.1,317.5,648.9,428.4,118.4,291.8,497.7,617.2,618.7,74.2,207.2,593.3,330.2,416.3,343.6,470.1,47.6,98.8,450.5,0.0,632.1,106.8,203.9,190.4,156.3,219.1,512.5,135.3,34.4,426.1,415.9,424.4,213.3,543.9,413.6,499.4,381.1,327.2,427.5
VW,566.9,466.5,415.1,324.0,431.2,584.9,116.8,50.1,199.8,769.5,202.9,494.3,332.0,468.7,623.6,498.5,837.8,536.7,719.3,137.7,470.1,679.1,729.2,494.4,433.5,472.7,272.9,463.9,535.5,336.8,674.6,467.1,453.3,517.2,728.5,304.7,782.5,360.5,177.7,441.7,487.2,749.2,36.7,532.3,566.2,479.4,765.2,609.5,731.7,521.4,465.8,596.9,235.0,607.8,574.2,738.1,215.6,632.3,378.7,558.8,486.0,368.1,478.0,199.0,467.1,212.3,684.4,479.7,710.9,692.0,424.3,503.3,237.6,454.0,478.6,285.8,496.5,164.4,244.9,448.7,580.8,416.0,551.6,425.6,637.9,654.3,433.7,220.5,460.5,505.2,266.6,500.4,550.0,718.0,100.2,627.5,680.8,709.2,553.3,56.4,295.9,753.7,460.7,1069.7,219.6,133.1,701.9,859.8,250.9,397.3,358.6,496.5,232.8,702.1,581.6,363.2,667.9,0.0,722.0,641.1,627.6,545.2,497.7,241.8,522.1,673.1,542.4,298.5,542.0,810.2,143.9,473.9,201.2,493.8,603.1,488.3
WB,486.0,477.1,377.1,432.7,516.2,194.2,647.8,625.9,626.5,86.8,620.2,475.1,448.9,524.5,291.2,393.5,196.7,402.7,68.7,579.2,457.6,78.7,96.9,571.9,377.4,328.7,482.9,488.4,551.2,445.5,96.3,411.0,325.9,543.6,98.1,453.9,141.2,452.2,604.4,521.9,441.6,51.6,606.8,305.5,581.9,482.5,117.4,277.1,81.1,454.8,500.9,425.4,528.6,247.5,309.3,37.4,504.4,197.8,370.5,523.0,481.8,314.7,421.9,616.3,411.0,533.1,284.4,440.8,11.1,318.3,487.3,304.5,502.3,498.3,422.7,472.8,473.4,594.6,565.7,392.6,248.4,495.4,240.1,523.5,288.1,69.6,511.2,647.2,497.6,434.2,487.3,461.5,378.4,344.3,672.7,236.8,70.0,335.5,385.2,686.6,457.5,71.0,404.6,447.8,646.3,647.8,28.9,218.7,622.4,359.3,445.4,421.0,499.2,69.8,176.2,479.6,89.6,661.2,0.0,281.3,267.8,233.7,296.5,548.5,212.7,56.4,489.6,445.0,501.8,171.1,573.0,491.0,528.5,458.5,432.4,504.9
WF,218.1,218.7,284.3,339.9,248.3,98.0,593.0,571.1,550.5,310.3,527.4,347.7,354.3,256.1,64.9,209.8,258.6,275.2,296.9,524.4,189.7,283.3,293.2,307.7,192.2,233.3,392.9,220.5,322.9,352.7,252.2,203.4,176.1,275.7,285.0,361.1,237.8,359.4,528.4,254.0,173.7,277.0,552.0,121.8,353.6,298.8,257.8,71.8,309.3,271.1,317.2,157.5,435.8,43.5,125.6,291.2,461.0,135.6,277.7,255.1,305.4,221.9,263.2,523.5,203.4,478.3,91.4,273.7,309.0,83.2,298.2,202.7,447.5,230.4,255.6,380.0,315.9,539.8,510.9,207.4,61.4,278.9,135.3,270.5,29.1,258.5,251.7,571.2,313.9,250.5,394.5,281.7,110.5,109.2,620.5,69.8,258.4,100.4,134.1,623.2,364.7,326.1,219.4,596.6,570.3,593.0,291.4,275.8,546.4,266.5,390.6,237.3,406.4,279.7,168.3,340.7,245.5,606.4,320.1,0.0,13.4,141.0,194.7,448.8,146.8,247.7,319.8,352.2,233.9,231.0,518.2,307.3,473.7,190.6,183.9,275.7
WH,231.6,232.2,270.8,326.4,261.8,84.5,541.5,519.6,537.0,323.8,513.9,334.2,340.8,269.6,72.4,196.3,272.1,261.7,283.4,472.9,203.2,269.8,293.3,321.2,178.7,219.8,379.4,234.0,336.4,339.2,238.7,189.9,162.6,289.2,298.5,347.6,251.3,345.9,514.9,267.5,187.2,290.5,500.5,108.3,367.1,285.3,271.3,58.3,295.8,257.6,303.7,171.0,422.3,30.0,112.1,304.7,409.5,122.1,264.2,268.6,291.9,208.4,249.7,510.0,189.9,426.8,104.9,260.2,295.5,96.7,284.7,189.2,396.0,243.9,242.1,366.5,302.4,488.3,459.4,193.9,47.9,298.2,121.8,284.0,42.6,245.0,265.2,557.7,300.4,237.0,381.0,268.2,124.0,122.7,569.0,67.6,244.9,113.9,147.6,571.7,351.2,325.7,205.9,610.1,556.8,541.5,277.9,289.3,532.9,253.0,339.1,223.8,392.9,266.2,154.8,354.2,232.0,554.9,306.6,13.4,0.0,127.5,181.2,435.3,133.3,234.2,306.3,338.7,247.4,244.5,466.7,293.8,422.2,204.1,207.4,289.2
WI,264.4,265.0,233.0,288.6,294.6,82.2,503.7,481.8,489.1,274.7,476.1,331.0,303.0,289.2,126.2,135.2,341.8,173.4,216.6,435.1,236.0,203.0,226.5,336.6,130.8,123.9,338.8,266.8,315.9,301.4,171.9,145.2,114.7,322.0,252.4,309.8,286.3,308.1,467.0,306.9,220.0,291.5,462.7,98.6,346.6,247.2,262.5,112.1,229.0,219.5,265.6,203.8,384.5,110.4,144.3,277.3,360.3,129.6,226.4,301.4,253.8,170.6,175.3,481.1,145.2,389.0,181.8,194.2,228.7,206.3,252.0,93.3,358.2,276.7,176.1,328.7,264.3,450.5,421.6,146.0,83.4,260.1,6.3,288.2,161.3,178.2,275.9,509.8,262.3,198.9,343.2,214.9,156.8,232.3,522.7,124.8,178.1,223.5,229.9,533.9,313.4,258.9,158.0,593.6,508.9,503.7,211.1,359.0,485.0,215.2,301.3,194.6,355.1,199.4,78.9,335.5,165.2,517.1,239.8,143.7,130.2,0.0,85.3,397.5,19.4,167.4,256.9,300.9,280.2,325.2,428.9,255.7,384.4,236.9,267.4,269.6
WK,276.5,277.1,200.7,256.3,319.5,114.4,471.4,449.5,456.8,306.9,443.8,298.7,270.7,283.8,153.1,129.8,364.9,168.0,248.8,402.8,248.1,235.2,258.7,331.2,98.5,38.5,309.3,278.9,310.5,269.1,204.1,139.8,82.4,334.1,284.6,277.5,318.5,275.8,434.7,309.7,232.1,323.7,430.4,110.7,341.2,241.8,294.7,139.0,261.2,214.1,260.2,215.9,352.2,137.3,171.2,309.5,339.4,161.8,194.1,313.5,248.4,138.3,143.0,439.9,139.8,356.7,213.9,161.9,260.9,232.1,241.2,7.9,325.9,290.8,143.8,296.4,297.0,418.2,389.3,113.7,110.3,254.7,81.1,282.4,178.0,210.4,270.5,477.5,256.9,193.5,310.9,182.6,168.9,258.1,498.9,157.0,210.3,249.3,192.5,501.6,281.1,291.1,125.7,625.8,476.6,471.4,243.3,382.1,452.7,182.9,269.0,180.3,322.8,231.6,120.2,303.2,197.4,484.8,272.0,170.6,157.1,74.7,0.0,365.2,51.6,199.6,224.6,268.6,292.3,337.3,396.6,250.3,352.1,249.0,266.5,264.2
WL,409.3,318.4,259.5,168.4,280.5,436.2,173.1,182.1,331.8,582.1,78.5,336.7,177.9,311.1,467.9,342.9,668.6,381.1,563.7,112.5,312.5,491.7,573.6,336.8,277.9,317.1,218.6,306.3,384.8,181.2,525.9,311.5,297.7,359.6,541.1,197.9,595.1,198.5,309.7,275.9,329.6,568.7,202.3,376.7,408.6,321.8,609.6,456.3,576.1,370.7,308.2,439.3,214.5,452.2,418.6,550.7,152.3,476.7,223.1,401.2,328.4,212.5,322.4,98.0,311.5,181.0,528.8,331.0,523.5,534.4,273.6,347.7,143.3,296.4,323.0,208.5,338.9,108.3,206.7,293.1,425.2,258.4,396.0,268.4,480.3,466.9,276.1,352.5,302.9,354.5,199.0,344.8,392.4,560.4,196.1,471.9,525.2,551.6,405.1,256.4,182.4,573.2,305.1,882.3,351.6,161.5,514.5,690.6,382.9,248.6,149.7,338.9,234.9,553.4,426.0,205.6,512.3,224.1,541.5,485.5,472.0,389.6,342.1,0.0,373.4,485.7,386.8,142.9,384.4,641.0,106.3,316.3,121.0,336.2,473.3,330.7
WN,313.2,304.3,231.4,287.0,343.4,62.7,502.1,480.2,487.5,255.2,474.5,329.4,250.7,350.6,117.3,156.2,322.3,194.4,197.1,433.5,284.8,183.5,207.0,398.0,129.2,122.3,337.2,315.6,377.3,299.8,152.4,166.2,113.1,370.8,232.9,308.2,266.8,306.5,465.4,368.3,268.8,272.0,461.1,119.6,408.0,308.6,243.0,105.6,209.5,280.9,329.0,252.6,380.2,101.5,135.4,257.8,358.7,110.1,224.8,350.2,315.2,169.0,173.7,494.0,166.2,387.4,162.3,192.6,209.2,186.8,313.4,91.7,356.6,325.5,174.5,327.1,325.7,448.9,420.0,144.4,74.5,321.5,27.3,349.6,152.4,158.7,337.3,508.2,323.7,260.3,341.6,213.3,205.6,212.8,529.6,105.3,158.6,204.0,211.3,532.3,311.8,239.4,156.4,574.1,507.3,502.1,191.6,344.3,483.4,213.6,299.7,256.0,353.5,179.9,59.4,333.9,145.7,515.5,220.3,134.8,121.3,20.9,83.7,402.8,0.0,152.6,255.3,299.3,329.0,314.6,427.3,317.1,382.8,285.7,258.5,331.0
WY,429.5,420.6,313.5,369.1,459.7,137.7,584.2,562.3,562.9,126.6,556.6,411.5,332.8,468.0,234.7,337.0,209.7,346.2,68.5,515.6,401.1,70.3,94.4,515.4,313.8,265.1,419.3,431.9,499.4,381.9,44.5,347.4,269.4,487.1,119.7,385.6,154.2,388.6,540.8,485.7,385.1,115.8,543.2,249.0,525.4,423.4,130.4,223.0,80.9,403.0,440.0,368.5,462.3,191.0,252.8,109.8,436.1,141.3,306.9,466.5,418.2,251.1,358.3,576.1,347.4,469.5,227.9,377.2,61.2,261.8,435.5,248.0,438.7,441.8,359.1,409.2,409.8,531.0,502.1,329.0,191.9,438.9,183.6,467.0,231.6,45.5,454.7,583.6,441.1,377.7,423.7,397.9,321.9,287.8,603.2,180.3,30.0,279.0,328.7,623.0,393.9,115.5,341.0,474.6,582.7,584.2,63.0,231.7,558.8,291.0,377.1,373.4,435.6,72.0,86.1,416.0,33.1,592.9,72.3,224.8,211.3,177.2,240.0,484.9,160.9,0.0,426.0,381.4,445.3,201.4,509.4,434.5,464.9,402.0,375.9,448.4
XD,327.6,254.2,174.6,262.1,229.6,313.2,437.2,415.3,533.2,492.3,409.6,156.9,276.5,193.9,314.2,124.5,492.0,189.9,434.2,368.6,285.4,420.6,444.1,241.3,112.4,251.2,315.1,210.8,220.6,274.9,389.5,153.6,158.8,278.3,470.0,283.3,471.2,241.6,511.1,219.8,264.3,509.1,396.2,237.8,251.3,110.2,480.1,300.1,446.6,124.2,170.3,358.0,358.0,298.4,197.2,494.9,305.2,390.5,136.9,346.5,105.0,204.6,117.9,405.7,153.6,322.5,375.0,50.2,446.3,403.4,151.3,220.6,291.7,200.9,68.6,302.2,96.6,384.0,355.1,98.2,271.4,164.8,230.7,192.5,349.3,395.8,180.6,553.9,167.0,66.5,316.7,35.8,310.7,429.4,464.7,336.0,395.7,420.6,304.9,467.4,286.9,476.5,135.1,811.2,553.0,437.2,428.7,509.2,529.1,143.6,234.8,90.4,328.6,417.0,305.6,262.7,382.8,450.6,457.4,331.7,318.2,236.4,212.6,331.0,237.0,385.0,0.0,274.4,306.5,464.4,362.4,160.4,317.9,240.7,314.6,174.3
XT,373.9,273.5,160.0,68.9,238.2,329.8,290.5,250.0,314.9,482.6,262.3,301.3,27.5,275.7,368.5,243.4,531.4,281.6,464.2,217.5,277.1,392.2,474.1,301.4,178.4,217.6,93.6,270.9,342.5,81.7,419.5,212.0,198.2,324.2,441.6,90.1,495.6,167.5,292.8,248.7,294.2,462.3,230.9,277.2,373.2,286.4,510.1,354.4,476.6,328.4,270.8,404.3,136.5,352.7,319.1,451.2,139.9,377.2,123.6,365.8,293.0,113.0,222.9,258.4,212.0,157.2,429.3,224.6,424.0,398.6,236.9,248.2,126.4,261.0,223.5,80.7,303.5,256.1,189.8,193.6,325.7,223.0,296.5,232.6,344.5,367.4,240.7,335.6,267.5,312.2,56.0,245.3,357.0,424.6,318.0,372.4,425.7,415.8,360.3,302.1,64.9,466.8,205.6,782.8,334.7,309.3,415.0,548.6,366.0,142.2,154.0,288.1,107.1,447.0,335.6,170.2,412.8,285.3,435.1,386.0,372.5,290.1,242.6,183.7,267.0,415.0,287.3,0.0,349.0,503.8,211.3,280.9,162.7,300.8,410.1,295.3
YA,143.2,64.6,360.0,354.5,95.9,309.1,456.9,435.0,499.9,416.7,442.2,225.4,313.1,124.3,201.8,277.2,365.0,307.3,469.5,388.3,53.6,406.7,399.6,175.9,267.9,329.6,407.5,88.7,191.1,367.3,455.1,279.1,251.8,143.9,391.4,377.1,344.2,423.2,477.8,99.9,59.9,383.4,415.9,209.6,221.8,210.5,364.2,215.9,457.1,189.4,194.9,173.6,438.1,267.7,219.3,397.6,324.9,359.8,353.4,72.4,217.1,297.6,324.6,438.3,279.1,342.2,276.5,298.0,446.2,268.3,161.0,299.0,311.4,98.6,316.4,394.6,227.6,403.7,374.8,283.1,244.6,147.1,263.0,138.7,214.2,433.2,119.9,520.6,191.6,236.3,385.1,267.5,126.3,294.3,484.4,254.9,469.5,285.5,129.6,487.1,368.7,432.5,295.1,703.0,519.7,456.9,447.1,382.2,551.0,342.2,254.5,212.2,421.0,428.0,379.4,208.9,465.7,470.3,435.1,224.1,237.6,268.7,291.0,386.7,330.0,461.6,305.6,329.0,0.0,337.4,382.1,205.0,337.6,58.8,179.4,143.9
YG,422.5,447.7,468.6,524.2,454.1,285.0,739.3,717.4,718.0,112.6,711.7,566.6,538.6,461.9,324.9,394.8,27.5,433.0,165.4,670.7,413.5,149.2,95.5,513.5,393.6,420.2,577.2,426.3,528.7,537.0,151.0,404.8,377.5,481.5,133.9,545.4,64.8,543.7,695.9,476.1,397.5,125.9,698.3,396.3,559.4,573.3,60.1,367.9,153.0,545.6,532.5,361.9,620.1,338.3,400.1,140.1,607.3,288.6,462.0,460.0,573.3,406.2,438.1,707.8,404.8,624.6,375.2,457.0,187.0,363.2,498.6,395.3,593.8,436.2,438.9,564.3,564.9,686.1,657.2,408.8,339.2,484.7,330.9,476.3,309.1,175.7,457.5,738.7,529.2,525.0,578.8,477.7,314.9,389.2,766.8,327.6,181.5,380.4,338.5,769.5,549.0,128.4,420.8,445.5,737.8,739.3,189.6,44.7,713.9,450.8,536.9,511.8,590.7,123.9,267.0,571.1,161.6,752.7,175.9,301.0,358.6,324.5,387.3,633.1,303.5,202.6,581.1,536.5,396.0,0.0,664.5,581.8,620.0,396.4,388.3,481.5
YH,445.6,345.2,271.1,180.0,309.9,440.9,79.1,84.1,267.4,593.7,82.4,373.0,138.6,347.4,479.6,354.5,642.5,392.7,575.3,6.2,348.8,503.3,585.2,373.1,289.5,328.7,172.4,342.6,414.2,192.8,530.6,323.1,309.3,395.9,552.7,201.2,606.7,239.2,245.3,320.4,365.9,573.4,104.3,388.3,444.9,358.1,621.2,465.5,587.7,400.1,342.5,476.0,130.8,463.8,430.2,562.3,60.2,488.3,234.7,437.5,364.7,224.1,334.0,78.5,323.1,111.8,540.4,335.7,535.1,509.7,308.6,359.3,93.6,332.7,334.6,185.3,375.2,43.9,144.4,304.7,436.8,294.7,407.6,304.3,455.6,478.5,312.4,288.1,339.2,383.9,210.6,356.4,428.7,535.7,106.6,483.5,536.8,526.9,432.0,149.8,194.0,577.9,316.7,893.9,287.2,97.1,526.1,659.7,318.5,253.3,214.6,359.8,132.3,558.1,446.7,241.9,523.9,133.0,546.2,497.1,483.6,401.2,353.7,121.3,378.1,526.1,398.4,154.5,420.7,614.9,0.0,352.6,57.2,372.5,481.8,367.0
YJ,210.9,139.0,281.1,302.4,122.2,324.6,404.8,382.9,447.8,528.1,390.1,66.1,261.0,110.0,269.5,135.9,476.4,201.3,523.5,336.2,168.7,518.1,511.0,124.6,218.9,308.5,355.4,94.1,176.8,315.2,478.8,184.9,230.7,161.6,502.8,323.6,455.6,263.9,425.7,103.1,147.6,494.8,363.8,265.3,207.5,69.2,475.6,283.6,535.9,111.2,35.6,241.3,386.0,309.8,208.6,509.0,272.8,401.9,243.4,231.3,75.8,276.5,183.3,386.2,184.9,290.1,344.2,156.7,535.6,336.0,34.6,277.9,259.3,84.2,175.1,342.5,86.3,351.6,322.7,204.7,282.8,48.1,258.2,75.8,281.9,485.1,63.9,468.5,32.3,95.0,333.0,126.2,194.0,362.0,432.3,322.6,485.0,353.2,197.3,435.0,316.6,543.9,202.0,814.4,467.6,404.8,518.0,493.6,498.9,250.1,202.4,70.9,368.9,506.3,394.9,146.0,472.1,418.2,546.5,291.8,305.3,263.9,269.9,334.6,283.4,474.3,164.3,276.9,189.8,448.8,330.0,0.0,285.5,124.0,247.1,129.6
YP,418.8,318.4,244.3,153.2,283.1,414.1,140.9,145.9,265.7,566.9,144.2,346.2,111.8,320.6,452.8,327.7,615.7,365.9,548.5,67.9,322.0,476.5,558.4,346.3,262.7,301.9,197.5,315.8,387.4,166.0,503.8,296.3,282.5,369.1,525.9,174.4,579.9,212.4,243.6,293.6,339.1,546.6,166.1,361.5,418.1,331.3,594.4,438.7,560.9,373.3,315.7,449.2,155.9,437.0,403.4,535.5,38.1,461.5,207.9,410.7,337.9,197.3,307.2,140.3,296.3,108.0,513.6,308.9,508.3,482.9,281.8,332.5,77.2,305.9,307.8,193.3,348.4,105.7,140.6,277.9,410.0,267.9,380.8,277.5,428.8,451.7,285.6,286.4,312.4,357.1,183.8,329.6,401.9,508.9,168.4,456.7,510.0,500.1,405.2,211.6,167.2,551.1,289.9,867.1,285.5,158.9,499.3,632.9,316.8,226.5,230.9,333.0,157.4,531.3,419.9,215.1,497.1,194.8,519.4,470.3,456.8,374.4,326.9,127.8,351.3,499.3,371.6,127.7,393.9,588.1,61.7,325.8,0.0,345.7,455.0,340.2
YR,86.8,51.2,303.6,324.4,57.6,252.7,426.8,404.9,469.8,404.0,412.1,166.5,283.0,65.4,145.4,212.7,352.3,250.9,451.6,358.2,39.5,394.0,386.9,117.0,211.5,273.2,377.4,29.8,132.2,337.2,406.9,222.7,195.4,85.0,378.7,345.6,331.5,364.3,447.7,87.3,23.5,370.7,385.8,153.2,162.9,151.6,351.5,157.1,444.4,130.5,136.0,116.8,408.0,211.3,162.9,384.9,283.4,303.4,297.0,104.9,158.2,241.2,256.0,408.2,222.7,312.1,220.1,239.1,433.5,211.9,96.5,242.6,281.3,39.7,256.8,364.5,168.7,373.6,344.7,226.7,188.2,88.2,206.6,80.2,157.8,420.5,61.0,490.5,132.7,177.4,355.0,208.6,69.9,237.9,451.7,198.5,413.1,229.1,73.2,457.0,338.6,419.8,238.7,690.3,489.6,426.8,434.4,369.5,565.7,285.8,224.4,153.3,390.9,415.3,313.9,150.0,400.2,440.2,422.4,167.7,181.2,212.3,234.6,363.5,273.6,402.4,246.7,298.9,65.7,324.7,352.0,146.1,307.5,0.0,123.0,85.0
ZC,168.0,159.1,289.4,345.0,203.8,209.8,542.9,521.0,555.6,447.8,532.5,312.4,308.7,206.0,136.2,174.5,396.1,236.7,403.1,474.3,139.6,389.5,413.0,257.6,197.3,259.0,395.2,170.4,272.8,357.8,364.0,208.5,181.2,225.6,422.5,371.8,375.3,364.5,533.5,211.6,123.6,420.1,501.9,144.0,303.5,263.5,395.3,147.9,415.5,241.4,283.9,107.6,438.2,189.4,90.3,428.7,399.5,281.5,282.8,205.0,275.7,227.0,227.9,552.0,208.5,433.8,210.9,244.0,415.2,202.7,242.7,228.4,397.4,180.3,220.3,385.1,280.6,489.7,460.8,212.5,162.4,228.8,213.0,220.8,148.6,364.7,201.6,576.3,278.6,220.8,399.6,246.4,60.7,228.7,561.9,189.3,364.6,219.9,37.2,581.7,369.8,451.0,224.5,734.1,575.4,542.9,397.6,418.1,551.5,277.2,346.1,210.9,411.5,391.5,265.4,290.6,351.7,561.9,426.3,158.5,172.0,224.3,220.4,460.8,224.5,358.6,284.5,357.3,183.8,368.5,468.1,272.0,423.6,146.1,0.0,225.6
ZO,161.9,79.8,289.4,322.2,55.2,327.8,424.6,402.7,467.6,479.1,409.9,143.7,280.8,19.5,220.5,144.2,427.4,209.6,526.7,356.0,114.6,469.1,462.0,132.6,227.2,316.8,375.2,45.1,46.2,335.0,482.0,193.2,239.0,112.6,453.8,344.8,406.6,305.5,445.5,77.2,98.6,445.8,383.6,228.3,76.9,76.8,426.6,234.6,519.5,45.4,113.2,192.3,405.8,286.4,216.9,460.0,292.6,378.5,251.7,172.1,83.4,284.8,191.6,406.0,193.2,309.9,295.2,165.0,508.6,287.0,94.2,286.2,279.1,55.3,183.4,362.3,93.9,371.4,342.5,213.0,263.3,103.8,266.5,95.4,232.9,495.6,76.6,488.3,109.9,103.3,352.8,134.5,145.0,313.0,452.1,273.6,488.2,304.2,148.3,454.8,336.4,494.9,210.3,765.4,487.4,424.6,509.5,444.6,518.7,258.4,222.2,79.2,388.7,490.4,398.1,165.6,475.3,438.0,497.5,242.8,256.3,272.2,278.2,354.4,291.7,477.5,172.6,296.7,140.8,399.8,349.8,103.3,305.3,75.0,198.1,0.0
