from_stop,AG,AP,AW,BC,BG,BK,BL,BO,BQ,BR,CC,CD,CH,CJ,CM,CR,CT,DC,DI,DJ,DN,DP,DR,DW,EB,EE,EG,EI,EJ,EK,EO,EY,EZ,FA,FD,FE,FI,FN,FQ,FT,FU,FV,FW,GB,GF,GJ,GK,GO,GP,GR,GT,GV,GZ,HA,HB,HH,HK,HN,HO,HX,HY,IE,II,IM,IO,IW,JC,JH,JI,JN,JP,JU,JV,JW,JY,KK,KW,KY,LA,LG,LI,LL,LN,LP,LR,LX,MA,MI,MM,MS,MT,NE,NJ,NM,NT,NY,OC,OG,OK,OM,OO,OR,PB,PC,PG,PI,PL,PM,PR,PS,PT,PW,QA,QC,QW,RJ,RK,RM,RP,RY,RZ,SE,SP,SY,SZ,TA,TB,TE,TG,TM,TQ,TV,UA,UD,UF,UH,UN,UP,UW,UX,VE,VG,VK,VL,VN,VT,VY,VZ,WC,WF,WH,WJ,WN,WO,WP,WQ,WR,WV,XI,XP,XQ,XS,XU,XW,YB,YI,YT,YX,ZA,ZD,ZG,ZH,ZI,ZK,ZL,ZV
AG,0.0,538.1,306.0,616.7,484.6,392.3,427.8,367.5,272.4,547.6,342.8,143.8,594.7,186.6,487.7,296.2,518.4,581.9,291.2,458.2,396.6,132.2,527.5,472.9,269.5,443.7,493.8,508.4,481.0,455.4,535.4,232.9,337.8,474.6,497.0,701.0,301.2,250.4,264.1,328.5,392.6,140.2,541.5,391.7,574.8,567.1,613.9,379.7,609.8,206.1,425.3,463.9,613.9,544.3,638.6,161.3,167.8,491.9,421.0,497.8,660.0,213.9,605.8,238.0,407.5,358.9,105.2,400.8,563.0,458.8,195.5,60.7,523.1,383.1,422.8,600.2,207.8,372.8,384.7,254.0,267.4,524.3,568.6,487.2,222.4,358.2,116.9,320.4,445.0,124.6,685.0,227.2,170.8,720.8,224.4,526.1,420.9,553.7,421.5,174.1,292.3,702.5,597.5,129.9,424.5,453.7,462.2,494.0,594.3,648.2,311.4,546.1,279.2,177.6,679.6,596.1,647.1,260.8,572.5,450.4,389.3,401.3,534.9,280.9,420.0,515.4,555.5,546.7,612.0,601.6,504.4,450.2,552.1,264.4,352.6,668.2,468.1,636.4,601.6,397.5,548.5,547.6,519.3,275.3,550.6,273.5,102.1,547.6,137.6,574.0,683.8,2089.8,281.1,481.6,304.5,507.4,266.9,242.7,191.4,628.8,239.1,299.2,452.4,497.6,263.1,247.4,459.4,450.8,524.1,442.3,295.2,585.5,143.3,591.4,413.0,479.9
AP,541.8,0.0,566.9,217.8,112.4,305.9,113.7,268.5,362.7,134.7,256.4,547.3,56.5,455.3,199.2,393.3,167.7,170.6,416.2,83.6,180.0,521.8,60.2,268.0,510.7,155.8,205.3,22.9,193.1,127.1,128.5,495.6,551.3,170.5,208.5,207.8,541.4,438.4,510.8,498.7,306.2,499.7,106.6,560.1,36.6,216.4,100.5,174.7,142.9,576.0,413.2,377.5,124.1,107.7,145.4,393.0,521.0,214.7,334.6,209.9,166.8,427.6,67.6,541.2,395.4,272.5,508.2,314.4,24.8,138.2,528.6,622.3,55.8,262.5,371.1,194.2,558.5,252.2,251.3,544.8,437.7,118.3,157.3,149.7,510.7,356.2,573.7,445.4,358.6,581.4,191.8,437.1,627.6,182.6,541.9,172.8,334.5,102.8,295.4,510.9,553.2,164.3,198.6,426.5,389.3,118.4,126.9,206.1,101.1,155.0,514.9,210.8,404.2,505.7,211.0,245.4,231.9,450.7,237.2,162.5,377.2,314.9,409.2,457.8,333.6,227.5,93.3,211.4,73.8,149.7,26.9,162.3,216.8,494.2,477.6,175.0,180.2,225.1,195.6,145.2,118.6,134.7,113.3,642.2,199.9,398.5,561.2,134.7,576.2,106.4,145.6,2010.7,489.1,436.6,518.0,172.1,436.5,545.9,401.3,135.6,595.1,502.7,89.6,57.1,473.0,463.1,171.5,457.4,188.8,254.0,492.8,92.3,510.7,98.2,377.8,467.8
AW,304.5,525.4,0.0,604.0,471.9,379.6,415.1,354.8,259.7,534.9,330.1,353.1,582.0,282.3,475.0,283.5,505.7,569.2,278.5,445.5,383.9,241.4,514.8,460.2,118.8,431.0,481.1,495.7,468.3,442.7,522.7,157.5,92.8,461.9,484.3,688.3,109.9,175.0,118.9,158.9,379.9,339.7,528.8,200.4,562.1,554.4,601.2,367.0,597.1,211.3,254.6,362.6,601.2,531.6,625.9,246.2,156.3,479.2,408.3,485.1,647.3,254.6,593.1,368.2,236.8,346.2,304.7,388.1,550.3,446.1,204.3,365.3,510.4,370.4,328.1,587.5,114.4,360.1,372.0,61.2,263.4,511.6,555.9,474.5,91.7,345.5,302.0,307.7,340.6,309.7,672.3,209.4,355.9,708.1,97.8,513.4,408.2,541.0,408.8,337.9,13.6,689.8,584.8,279.7,329.8,441.0,449.5,481.3,581.6,635.5,109.4,533.4,266.5,243.2,666.9,583.4,634.4,277.7,559.8,437.7,266.4,388.6,382.6,283.5,407.3,502.7,542.8,534.0,599.3,588.9,491.7,437.5,539.4,321.2,282.9,655.5,455.4,623.7,588.9,384.8,535.8,534.9,506.6,121.4,537.9,260.8,212.0,534.9,211.5,561.3,671.1,2141.1,97.2,329.3,44.7,494.7,115.0,372.9,200.3,616.1,74.3,97.2,439.7,484.9,190.9,298.3,446.7,340.6,511.4,429.6,318.5,572.8,252.5,578.7,318.3,309.2
BC,600.1,179.9,625.2,0.0,213.8,364.2,164.6,305.2,421.0,295.2,314.7,566.6,236.5,513.6,386.2,451.6,349.6,119.8,474.5,134.5,230.9,580.1,152.4,336.9,569.0,310.6,377.8,181.6,347.9,285.8,289.0,553.9,609.6,271.9,395.5,160.7,599.7,496.7,569.1,556.4,364.5,558.0,113.0,618.4,216.6,398.3,280.5,243.6,91.1,634.3,471.5,435.8,304.1,268.2,142.5,451.3,579.3,355.9,392.9,364.7,223.1,485.9,235.5,599.5,453.7,330.8,566.5,372.7,204.8,189.1,586.9,641.6,148.0,320.8,429.4,88.9,616.8,310.5,320.2,603.1,496.0,103.8,106.5,245.2,569.0,414.5,632.0,503.7,416.9,639.7,144.7,495.4,685.9,290.5,600.2,331.5,392.8,263.3,364.3,569.2,611.5,272.2,12.3,484.8,447.6,288.0,296.5,360.9,139.4,134.0,573.2,380.4,462.5,564.0,62.8,427.3,30.4,509.0,406.8,317.3,435.5,373.2,478.1,516.1,391.9,382.3,127.0,381.0,253.8,82.9,185.6,317.1,386.4,552.5,535.9,159.6,335.0,137.7,90.3,196.1,97.0,295.2,138.1,700.5,381.8,456.8,619.5,295.2,634.5,286.4,253.5,2180.0,547.4,505.5,576.3,341.7,494.8,604.2,459.6,191.9,653.4,561.0,140.5,122.5,531.3,521.4,326.3,473.9,358.4,322.9,551.1,130.6,569.0,154.5,436.1,526.1
BG,481.1,123.0,506.2,239.7,0.0,245.2,57.3,186.2,302.0,138.2,195.7,447.6,179.6,394.6,172.3,332.6,189.4,204.9,355.5,81.2,111.9,461.1,156.3,168.3,450.0,96.7,178.9,93.3,134.0,148.6,132.0,434.9,490.6,58.0,181.6,285.9,480.7,377.7,450.1,437.4,245.5,439.0,164.5,499.4,159.7,238.1,193.0,139.0,221.0,515.3,352.5,316.8,193.0,111.2,223.5,332.3,460.3,155.6,273.9,150.8,244.9,366.9,190.7,480.5,334.7,211.8,447.5,253.7,147.9,63.8,467.9,522.6,151.9,201.8,310.4,223.2,497.8,191.5,203.4,484.1,377.0,147.3,191.6,37.2,450.0,295.5,513.0,384.7,297.9,520.7,269.9,376.4,566.9,305.7,481.2,194.3,273.8,106.3,240.2,450.2,492.5,287.4,220.5,365.8,328.6,124.7,133.2,147.0,179.2,233.1,454.2,217.1,343.5,445.0,289.1,267.1,270.1,390.0,243.5,103.4,316.5,254.2,456.2,397.1,272.9,168.4,189.4,217.7,196.9,227.8,89.3,103.2,223.1,433.5,416.9,253.1,121.1,259.4,224.6,77.1,171.5,138.2,142.3,581.5,221.6,337.8,500.5,138.2,515.5,153.1,268.7,2032.2,428.4,385.7,457.3,178.4,375.8,485.2,340.6,213.7,534.4,442.0,75.4,120.6,412.3,402.4,112.4,354.9,195.1,261.0,432.1,170.4,450.0,176.3,317.1,407.1
BK,402.5,292.4,400.5,371.0,238.9,0.0,182.1,121.8,223.4,301.9,59.4,369.0,349.0,316.0,273.6,254.0,272.7,336.2,276.9,212.5,150.9,382.5,281.8,227.2,344.3,198.0,268.1,262.7,235.3,234.7,289.7,356.3,443.7,228.9,282.9,455.3,375.0,299.1,344.4,358.8,38.7,360.4,295.8,465.5,329.1,321.4,368.2,134.0,364.1,436.7,224.1,110.0,368.2,298.6,392.9,253.7,381.7,246.2,63.4,252.1,414.3,288.3,360.1,401.9,242.6,43.3,368.9,46.9,317.3,213.1,389.3,444.0,277.4,137.4,103.6,354.5,392.1,127.1,139.0,430.1,298.4,278.6,322.9,241.5,371.4,216.9,434.4,306.1,91.1,442.1,439.3,297.8,488.3,475.1,375.5,280.4,28.5,308.0,175.8,371.6,386.8,456.8,351.8,287.2,121.8,208.0,216.5,248.3,348.6,402.5,375.6,300.4,264.9,366.4,433.9,350.4,401.4,311.4,326.8,204.7,210.8,9.0,232.2,318.5,66.1,269.7,309.8,301.0,366.3,355.9,258.7,204.5,306.4,354.9,338.3,422.5,222.4,390.7,355.9,151.8,302.8,301.9,273.6,472.1,304.9,259.2,421.9,301.9,436.9,328.3,438.1,1982.4,322.7,178.9,395.6,261.7,297.2,406.6,262.0,383.1,435.9,363.4,206.7,251.9,333.7,323.8,213.7,148.1,278.4,196.6,353.5,339.8,371.4,345.7,110.3,253.0
BL,435.4,127.1,460.5,188.8,71.3,199.5,0.0,140.5,256.3,157.0,150.0,401.9,183.7,348.9,188.9,286.9,188.0,154.0,309.8,30.3,66.2,415.4,99.6,166.5,404.3,113.3,195.5,112.1,150.6,150.0,150.8,389.2,444.9,121.3,198.2,276.8,435.0,332.0,404.4,392.3,199.8,393.3,113.6,453.7,163.8,236.7,211.8,170.8,181.9,469.6,306.8,271.1,211.8,130.0,207.9,286.6,414.6,185.5,228.2,167.4,263.7,321.2,194.8,434.8,289.0,166.1,401.8,208.0,152.0,30.9,422.2,476.9,95.2,156.1,264.7,172.3,452.1,145.8,157.7,438.4,331.3,96.4,140.7,80.5,404.3,249.8,467.3,339.0,252.2,475.0,260.8,330.7,521.2,309.8,435.5,195.7,228.1,125.1,194.5,404.5,446.8,291.5,169.6,320.1,282.9,123.3,131.8,163.6,193.6,205.4,408.5,215.7,297.8,399.3,251.7,265.7,219.2,344.3,242.1,120.0,270.8,208.5,405.3,351.4,227.2,185.0,127.6,216.3,201.0,173.7,108.1,119.8,221.7,387.8,371.2,256.0,137.7,208.5,173.7,31.4,120.6,157.0,91.4,535.8,220.2,292.1,454.8,157.0,469.8,171.9,272.8,2015.3,382.7,340.0,411.6,177.0,330.1,439.5,294.9,232.5,488.7,396.3,24.5,69.7,366.6,356.7,129.0,309.2,193.7,250.1,386.4,184.8,404.3,195.1,271.4,361.4
BO,374.1,229.8,399.2,308.4,176.3,138.2,119.5,0.0,195.0,239.3,88.7,340.6,286.4,287.6,211.0,225.6,210.1,273.6,248.5,149.9,88.3,354.1,219.2,164.6,343.0,135.4,205.5,200.1,172.7,172.1,227.1,327.9,383.6,166.3,220.3,392.7,373.7,270.7,343.1,330.4,138.5,332.0,233.2,392.4,266.5,258.8,305.6,71.4,301.5,408.3,245.5,209.8,305.6,236.0,330.3,225.3,353.3,183.6,166.9,189.5,351.7,259.9,297.5,373.5,227.7,104.8,340.5,146.7,254.7,150.5,360.9,415.6,214.8,47.4,203.4,291.9,390.8,37.1,17.1,377.1,270.0,216.0,260.3,178.9,343.0,188.5,406.0,277.7,190.9,413.7,376.7,269.4,459.9,412.5,374.2,217.8,166.8,245.4,53.9,343.2,385.5,394.2,289.2,258.8,221.6,145.4,153.9,185.7,286.0,339.9,347.2,237.8,236.5,338.0,371.3,287.8,338.8,283.0,264.2,142.1,209.5,147.2,304.1,290.1,165.9,207.1,247.2,238.4,303.7,293.3,196.1,141.9,243.8,326.5,309.9,359.9,159.8,328.1,293.3,89.2,240.2,239.3,211.0,474.5,242.3,230.8,393.5,239.3,408.5,265.7,375.5,1954.0,321.4,331.5,350.3,199.1,268.8,378.2,233.6,320.5,427.4,335.0,144.1,189.3,305.3,295.4,151.1,247.9,215.8,74.7,325.1,277.2,343.0,283.1,210.1,300.1
BQ,268.7,335.3,299.3,413.9,281.8,189.5,225.0,164.7,0.0,344.8,140.0,235.2,391.9,182.2,284.9,30.5,315.6,379.1,120.7,255.4,193.8,248.7,324.7,270.1,320.0,240.9,291.0,305.6,278.2,252.6,332.6,222.5,278.2,271.8,294.2,498.2,350.7,165.3,320.1,225.6,189.8,226.6,338.7,264.6,372.0,364.3,411.1,176.9,407.0,302.9,222.5,261.1,411.1,341.5,435.8,119.9,247.9,289.1,218.2,295.0,457.2,154.5,403.0,268.1,204.7,156.1,235.1,198.0,360.2,256.0,255.5,310.2,320.3,180.3,220.0,397.4,367.8,170.0,181.9,271.7,155.1,321.5,365.8,284.4,237.6,155.4,300.6,149.9,242.2,308.3,482.2,164.0,354.5,518.0,351.2,323.3,218.1,350.9,218.7,237.8,285.6,499.7,394.7,153.4,221.7,250.9,259.4,291.2,391.5,445.4,241.8,343.3,118.5,232.6,476.8,393.3,444.3,177.6,369.7,247.6,186.5,198.5,332.1,175.2,217.2,312.6,352.7,343.9,409.2,398.8,301.6,247.4,349.3,221.1,182.1,465.4,265.3,433.6,398.8,194.7,345.7,344.8,316.5,369.1,347.8,103.0,288.1,344.8,303.1,371.2,481.0,1951.0,298.4,278.8,244.9,304.6,163.4,272.8,128.2,426.0,322.0,229.6,249.6,294.8,199.9,190.0,256.6,248.0,321.3,239.5,219.9,382.7,237.6,388.6,210.2,277.1
BR,561.5,133.3,586.6,342.6,142.6,325.6,163.1,266.6,382.4,0.0,276.1,528.0,145.7,475.0,247.4,413.0,76.6,295.4,435.9,187.0,173.0,541.5,193.6,247.1,530.4,175.5,253.5,140.0,212.8,175.3,70.4,515.3,571.0,200.7,256.7,332.6,561.1,458.1,530.5,517.8,325.9,519.4,240.0,579.8,153.5,125.3,104.7,308.1,267.7,595.7,432.9,397.2,104.7,108.1,270.2,412.7,540.7,234.4,354.3,229.6,291.6,447.3,176.8,560.9,415.1,292.2,527.9,334.1,105.3,169.6,548.3,603.0,189.2,282.2,390.8,327.6,578.2,271.9,283.8,564.5,457.4,251.7,282.1,179.9,530.4,375.9,593.4,465.1,378.3,601.1,316.6,456.8,647.3,291.8,561.6,185.9,354.2,44.5,320.6,530.6,572.9,273.5,323.4,446.2,409.0,109.6,100.7,225.8,225.9,279.8,534.6,157.3,423.9,525.4,335.8,154.3,356.7,470.4,153.5,182.2,396.9,334.6,542.6,477.5,353.3,247.2,226.7,127.7,183.0,274.5,136.0,182.0,163.3,513.9,497.3,299.8,199.9,349.9,329.0,194.6,252.0,0.0,246.7,661.9,108.8,418.2,580.9,0.0,595.9,64.8,254.8,2058.9,508.8,466.1,537.7,145.4,456.2,565.6,421.0,260.4,614.8,522.4,181.2,190.5,492.7,482.8,191.2,435.3,105.1,341.4,512.5,217.1,530.4,223.0,397.5,487.5
CC,343.0,232.9,411.5,311.5,179.4,49.4,122.6,62.3,163.9,242.4,0.0,309.5,289.5,256.5,214.1,194.5,213.2,276.7,217.4,153.0,91.4,323.0,222.3,167.7,355.3,138.5,208.6,203.2,175.8,175.2,230.2,296.8,352.5,169.4,223.4,395.8,386.0,239.6,355.4,299.3,49.7,300.9,236.3,361.3,269.6,261.9,308.7,74.5,304.6,377.2,235.1,121.0,308.7,239.1,333.4,194.2,322.2,186.7,78.1,192.6,354.8,228.8,300.6,342.4,253.6,16.1,309.4,57.9,257.8,153.6,329.8,384.5,217.9,77.9,114.6,295.0,403.1,67.6,79.5,346.0,238.9,219.1,259.9,182.0,311.9,157.4,374.9,246.6,102.1,382.6,379.8,238.3,428.8,415.6,386.5,220.9,78.0,248.5,116.3,312.1,397.8,397.3,292.3,227.7,132.9,148.5,155.3,188.8,289.1,343.0,320.7,240.9,205.4,306.9,374.2,290.9,341.9,251.9,267.3,145.2,221.8,58.4,243.2,259.0,77.1,210.2,250.3,241.5,306.8,296.4,199.2,145.0,246.9,295.4,278.8,363.0,162.9,331.2,296.4,92.3,243.3,242.4,214.1,483.1,245.4,199.7,362.4,242.4,377.4,268.8,378.6,1922.9,333.7,189.9,319.2,202.2,237.7,347.1,202.5,323.6,396.3,303.9,147.2,192.4,274.2,264.3,154.2,159.1,218.9,137.1,294.0,280.3,311.9,286.2,121.3,264.0
CD,146.8,492.2,338.9,570.8,438.7,346.4,381.9,321.6,226.5,501.7,296.9,0.0,548.8,42.7,441.8,250.3,472.5,536.0,245.3,412.3,350.7,190.0,481.6,472.1,327.3,397.8,447.9,462.5,420.2,409.5,489.5,262.1,317.8,428.7,451.1,655.1,359.0,204.9,321.9,264.6,346.7,60.4,495.6,389.2,528.9,521.2,568.0,333.8,563.9,263.9,379.4,418.0,568.0,498.4,592.7,137.2,225.6,484.3,375.1,452.5,614.1,70.0,559.9,158.2,361.6,313.0,62.0,354.9,517.1,412.9,252.4,74.9,477.2,337.2,376.9,554.3,265.6,326.9,338.8,311.3,144.0,478.4,522.7,441.3,277.2,312.3,174.7,274.5,399.1,182.4,639.1,163.3,228.6,674.9,282.2,480.2,375.0,507.8,375.6,94.3,325.2,656.6,551.6,170.7,378.6,407.8,416.3,448.1,548.4,602.3,281.4,500.2,233.3,201.6,633.7,550.2,601.2,149.9,526.6,404.5,343.4,355.4,489.0,137.0,374.1,470.1,509.6,500.8,566.1,555.7,458.5,452.8,506.2,154.7,306.7,622.3,422.2,590.5,555.7,351.6,502.6,501.7,473.4,333.1,504.7,227.6,159.9,501.7,195.4,528.1,637.9,2107.9,338.9,435.7,284.5,461.5,203.0,162.9,127.5,582.9,296.9,269.2,406.5,451.7,199.2,103.5,444.1,404.9,478.2,396.4,151.3,539.6,201.1,545.5,367.1,434.0
CH,593.1,51.2,618.2,269.1,163.7,357.2,165.0,319.8,414.0,186.0,307.7,598.6,0.0,506.6,250.5,444.6,194.8,221.9,467.5,134.9,231.3,573.1,111.5,319.3,562.0,207.1,256.6,74.2,244.4,178.4,179.8,546.9,602.6,221.8,259.8,259.1,592.7,489.7,562.1,549.4,357.5,551.0,157.9,611.4,71.4,243.5,127.6,226.0,194.2,627.3,464.5,428.8,151.2,159.0,196.7,444.3,572.3,266.0,385.9,261.2,218.1,478.9,76.7,592.5,446.7,323.8,559.5,365.7,51.9,189.5,579.9,673.6,107.1,313.8,422.4,245.5,609.8,303.5,302.6,596.1,489.0,169.6,208.6,201.0,562.0,407.5,625.0,496.7,409.9,632.7,243.1,488.4,678.9,191.7,593.2,224.1,385.8,154.1,346.7,562.2,604.5,173.4,249.9,477.8,440.6,169.7,178.2,257.4,148.5,206.3,566.2,262.1,455.5,557.0,262.3,272.5,283.2,502.0,288.5,213.8,428.5,366.2,460.5,509.1,384.9,278.8,144.6,262.7,82.9,201.0,78.2,213.6,268.1,545.5,528.9,226.3,231.5,276.4,246.9,196.5,169.9,186.0,164.6,693.5,227.0,449.8,612.5,186.0,627.5,133.5,154.7,2062.0,540.4,487.9,569.3,223.4,487.8,597.2,452.6,186.9,646.4,554.0,140.9,108.4,524.3,514.4,222.8,508.7,240.1,305.3,544.1,158.4,562.0,149.5,429.1,519.1
CJ,199.8,449.4,296.1,528.0,395.9,303.6,339.1,278.8,183.7,458.9,254.1,52.9,506.0,0.0,399.0,207.5,429.7,493.2,202.5,369.5,307.9,223.2,438.8,384.2,345.3,355.0,405.1,419.7,420.3,366.7,446.7,219.3,275.0,385.9,408.3,612.3,336.4,162.1,345.4,221.8,303.9,117.4,452.8,346.4,486.1,478.4,525.2,291.0,521.1,299.7,336.6,375.2,525.2,455.6,549.9,94.4,244.7,403.2,332.3,452.6,571.3,27.2,517.1,158.9,318.8,270.2,115.0,312.1,474.3,370.1,230.0,127.9,434.4,294.4,334.1,511.5,340.9,284.1,296.0,268.5,101.2,435.6,479.9,398.5,234.4,269.5,227.7,231.7,356.3,235.4,596.3,120.5,281.6,632.1,324.3,437.4,332.2,465.0,332.8,128.6,282.4,613.8,508.8,127.9,335.8,365.0,373.5,405.3,505.6,559.5,238.6,457.4,190.5,207.1,590.9,507.4,558.4,107.1,483.8,361.7,300.6,312.6,446.2,121.3,331.3,470.2,466.8,458.0,523.3,512.9,415.7,361.5,463.4,111.9,263.9,579.5,379.4,547.7,512.9,308.8,459.8,458.9,430.6,365.9,461.9,184.8,212.9,458.9,248.4,485.3,595.1,2065.1,323.7,392.9,241.7,418.7,160.2,163.6,84.7,540.1,318.8,226.4,363.7,408.9,156.4,103.6,370.7,362.1,435.4,353.6,130.7,496.8,212.1,502.7,324.3,391.2
CM,517.8,207.6,542.9,380.5,198.5,281.9,219.0,222.9,338.7,240.8,232.4,485.0,264.2,431.3,0.0,369.3,205.9,333.3,392.2,242.9,129.3,497.8,240.9,94.8,486.7,94.1,46.0,177.9,78.5,72.9,234.6,471.6,527.3,164.7,9.2,370.5,517.4,414.4,486.8,474.1,282.2,475.7,287.3,536.1,244.3,254.6,295.6,157.7,305.6,552.0,389.2,353.5,295.6,213.8,308.1,369.0,497.0,125.0,310.6,95.3,329.5,403.6,275.3,517.2,371.4,248.5,484.2,290.4,232.5,225.5,504.6,560.0,236.5,238.5,347.1,381.3,534.5,228.2,240.1,520.8,413.7,299.0,320.0,177.3,486.7,332.2,549.7,421.4,334.6,557.4,354.5,413.1,603.6,390.3,517.9,161.7,310.5,208.9,276.9,486.9,529.2,372.0,361.3,402.5,365.3,178.8,149.7,57.6,263.8,317.7,490.9,233.6,380.2,481.7,373.7,283.6,394.6,426.7,260.0,69.5,353.2,290.9,449.5,433.8,309.6,112.9,274.0,234.2,281.5,312.4,173.9,100.6,239.6,470.2,453.6,337.7,77.3,387.8,371.0,169.5,299.3,240.8,294.0,618.2,238.1,374.5,537.2,240.8,552.2,255.7,353.3,1980.9,465.1,422.4,494.0,167.2,412.5,521.9,377.3,298.3,571.1,478.7,237.1,237.8,449.0,439.1,84.8,391.6,211.6,294.3,468.8,255.0,486.7,260.9,353.8,443.8
CR,295.6,365.9,326.2,444.5,312.4,220.1,255.6,195.3,30.5,375.4,170.6,262.1,422.5,209.1,315.5,0.0,346.2,409.7,90.1,286.0,224.4,275.6,355.3,300.7,350.6,271.5,321.6,336.2,308.8,283.2,363.2,249.4,305.1,302.4,324.8,528.8,325.1,192.2,350.7,251.9,220.4,253.5,369.3,234.0,402.6,394.9,441.7,207.5,437.6,329.8,253.1,291.7,441.7,372.1,466.4,146.8,274.8,319.7,248.8,322.3,487.8,181.4,433.6,295.0,235.3,186.7,262.0,228.6,390.8,286.6,282.4,337.1,350.9,210.9,250.6,428.0,398.4,200.6,212.5,298.6,182.0,352.1,392.9,315.0,264.5,186.0,327.5,119.3,272.8,335.2,512.8,190.9,381.4,548.6,381.8,353.9,248.7,381.5,249.3,264.7,312.5,530.3,425.3,180.3,252.3,281.5,288.3,321.8,422.1,476.0,273.3,373.9,87.9,259.5,507.4,423.9,474.9,204.5,400.3,278.2,217.1,229.1,362.7,202.1,247.8,343.2,383.3,374.5,439.8,429.4,332.2,278.0,379.9,248.0,151.5,496.0,295.9,464.2,429.4,225.3,376.3,375.4,347.1,396.0,378.4,72.4,315.0,375.4,330.0,401.8,511.6,1981.6,329.0,309.4,271.8,335.2,190.3,299.7,155.1,456.6,348.9,256.5,280.2,325.4,226.8,216.9,287.2,278.6,351.9,270.1,246.8,413.3,264.5,419.2,240.8,307.7
CT,529.3,148.5,554.4,357.8,157.8,293.4,178.3,234.4,350.2,53.6,243.9,495.8,160.9,442.8,218.9,380.8,0.0,310.6,403.7,202.2,140.8,509.3,208.8,214.9,498.2,143.3,225.5,155.2,180.6,132.6,41.4,483.1,538.8,215.9,228.2,347.8,528.9,425.9,498.3,485.6,293.7,487.2,255.2,547.6,168.7,48.7,119.9,187.2,282.9,563.5,400.7,365.0,119.9,123.3,285.4,380.5,508.5,202.2,322.1,194.1,306.8,415.1,192.0,528.7,382.9,260.0,495.7,301.9,120.5,184.8,516.1,570.8,204.4,250.0,358.6,342.8,546.0,239.7,251.6,532.3,425.2,266.9,297.3,195.1,498.2,343.7,561.2,432.9,346.1,568.9,331.8,424.6,615.1,307.0,529.4,153.7,322.0,59.7,288.4,498.4,540.7,288.7,338.6,414.0,376.8,77.4,68.5,193.6,241.1,295.0,507.0,125.1,391.7,493.2,342.5,77.6,371.9,438.2,121.3,150.0,364.7,302.4,479.0,445.3,321.1,215.0,241.9,95.5,198.2,289.7,151.2,149.8,131.1,481.7,465.1,315.0,167.7,365.1,344.2,209.8,267.2,53.6,261.9,629.7,32.1,386.0,548.7,53.6,563.7,80.0,270.0,2032.5,476.6,433.9,505.5,113.2,424.0,533.4,388.8,275.6,582.6,490.2,196.4,205.7,460.5,450.6,159.0,403.1,72.9,309.2,480.3,232.3,498.2,238.2,365.3,455.3
DC,550.8,155.3,575.9,124.3,203.5,314.9,154.3,264.4,371.7,265.1,265.4,543.2,211.9,464.3,322.7,402.3,327.4,0.0,425.2,124.2,205.6,530.8,142.1,263.9,519.7,279.4,304.8,153.3,277.9,257.5,258.9,504.6,560.3,261.6,330.5,199.1,550.4,447.4,519.8,507.7,315.2,508.7,102.7,569.1,192.0,376.1,255.9,170.6,110.8,585.0,422.2,386.5,279.5,238.1,162.9,402.0,530.0,282.9,343.6,294.7,194.8,436.6,207.2,550.2,404.4,281.5,517.2,323.4,180.2,178.8,537.6,618.2,137.7,311.9,380.1,47.9,567.5,301.6,247.2,553.8,446.7,93.5,52.1,234.9,519.7,365.2,582.7,454.4,367.6,590.4,183.1,446.1,636.6,262.2,550.9,303.2,343.5,233.2,291.3,519.9,562.2,243.9,105.1,435.5,398.3,262.7,271.2,331.0,111.1,122.9,523.9,355.1,413.2,514.7,182.3,405.1,154.7,459.7,381.5,259.4,386.2,323.9,405.1,466.8,342.6,312.3,116.7,355.7,229.2,117.6,157.3,272.9,361.1,503.2,486.6,191.5,277.1,54.4,82.7,185.8,86.7,265.1,144.4,651.2,359.6,407.5,570.2,265.1,585.2,261.8,225.2,2130.7,498.1,432.5,527.0,316.4,445.5,554.9,410.3,163.6,604.1,511.7,130.2,112.2,482.0,472.1,264.2,453.3,333.1,249.9,501.8,102.3,519.7,126.2,386.8,536.1
DI,293.9,395.2,347.1,473.8,341.7,249.4,284.9,224.6,104.0,404.7,199.9,260.4,451.8,207.4,344.8,73.4,375.5,439.0,0.0,315.3,253.7,273.9,384.6,330.0,350.5,300.8,350.9,365.5,338.1,312.5,392.5,247.7,303.4,331.7,354.1,558.1,253.2,190.5,350.6,250.8,249.7,251.8,398.6,162.1,431.9,424.2,471.0,236.8,466.9,328.1,282.4,321.0,471.0,401.4,495.7,145.1,273.1,349.0,278.1,354.9,517.1,179.7,462.9,293.3,264.6,216.0,260.3,257.9,420.1,315.9,280.7,335.4,380.2,240.2,279.9,457.3,346.1,229.9,241.8,296.9,180.3,381.4,425.7,344.3,262.8,215.3,325.8,47.4,302.1,333.5,542.1,189.2,379.7,577.9,329.5,383.2,278.0,410.8,278.6,263.0,333.4,559.6,454.6,178.6,281.6,310.8,319.3,351.1,451.4,505.3,267.0,403.2,86.2,257.8,536.7,453.2,504.2,202.8,429.6,307.5,246.4,258.4,392.0,200.4,277.1,372.5,412.6,403.8,469.1,458.7,361.5,307.3,409.2,246.3,79.6,525.3,325.2,493.5,458.7,254.6,405.6,404.7,376.4,394.3,407.7,17.6,313.3,404.7,328.3,431.1,540.9,2010.9,328.9,338.7,270.1,364.5,188.6,298.0,153.4,485.9,347.2,254.8,309.5,354.7,225.1,215.2,316.5,307.9,381.2,299.4,245.1,442.6,262.8,448.5,270.1,337.0
DJ,465.5,96.7,490.6,158.4,79.2,229.6,30.0,170.6,286.4,160.6,180.1,432.0,153.3,379.0,251.6,317.0,215.0,123.6,339.9,0.0,96.3,445.5,69.2,233.7,434.4,176.0,258.2,115.7,213.3,171.0,154.4,419.3,475.0,137.3,260.9,246.4,465.1,362.1,434.5,421.8,229.9,423.4,83.2,483.8,133.4,263.7,215.4,140.4,151.5,499.7,336.9,301.2,215.4,133.6,177.5,316.7,444.7,234.9,258.3,230.1,236.6,351.3,164.4,464.9,319.1,196.2,431.9,238.1,121.6,54.5,452.3,507.0,64.8,186.2,294.8,141.9,482.2,175.9,217.0,468.5,361.4,66.0,110.3,110.6,434.4,279.9,497.4,369.1,282.3,505.1,230.4,360.8,551.3,279.4,465.6,216.7,258.2,128.7,261.1,434.6,476.9,261.1,139.2,350.2,313.0,153.4,161.9,226.3,163.2,175.0,438.6,245.8,327.9,429.4,221.3,292.7,188.8,374.4,272.2,182.7,300.9,238.6,374.9,381.5,257.3,247.7,97.2,246.4,170.6,143.3,111.7,182.5,251.8,417.9,401.3,225.6,200.4,178.1,143.3,61.5,90.2,160.6,61.0,565.9,247.2,322.2,484.9,160.6,499.9,175.5,242.4,2045.4,412.8,402.3,441.7,207.1,360.2,469.6,325.0,205.4,518.8,426.4,5.9,39.3,396.7,386.8,191.7,339.3,223.8,219.7,416.5,154.4,434.4,168.0,301.5,391.5
DN,388.4,141.4,413.5,314.3,87.9,152.5,70.4,93.5,209.3,150.9,103.0,354.9,198.0,301.9,122.6,239.9,121.7,267.1,262.8,100.8,0.0,368.4,174.7,119.5,357.3,47.0,160.4,111.7,84.3,83.7,138.7,342.2,397.9,77.9,131.9,304.3,388.0,285.0,357.4,344.7,152.8,346.3,221.1,406.7,178.1,170.4,217.2,46.3,239.4,422.6,259.8,224.1,217.2,147.6,241.9,239.6,367.6,138.5,181.2,101.1,263.3,274.2,209.1,387.8,242.0,119.1,354.8,161.0,166.3,101.4,375.2,429.9,170.3,109.1,217.7,242.8,405.1,98.8,110.7,391.4,284.3,166.9,253.8,90.5,357.3,202.8,420.3,292.0,205.2,428.0,288.3,283.7,474.2,324.1,388.5,129.4,181.1,157.0,147.5,357.5,399.8,305.8,295.1,273.1,235.9,57.0,65.5,97.3,197.6,251.5,361.5,149.4,250.8,352.3,307.5,199.4,328.4,297.3,175.8,53.7,223.8,161.5,338.1,304.4,180.2,118.7,207.8,150.0,215.3,246.2,107.7,53.5,155.4,340.8,324.2,271.5,71.4,321.6,244.2,40.1,233.1,150.9,161.9,488.8,153.9,245.1,407.8,150.9,422.8,177.3,287.1,1968.3,335.7,293.0,364.6,110.7,283.1,392.5,247.9,232.1,441.7,349.3,95.0,171.6,319.6,309.7,62.7,262.2,127.4,168.3,339.4,188.8,357.3,194.7,224.4,314.4
DP,112.5,515.2,266.2,593.8,461.7,369.4,404.9,344.6,249.5,524.7,319.9,161.1,571.8,203.9,464.8,273.3,495.5,559.0,268.3,435.3,373.7,0.0,504.6,450.0,252.2,420.8,470.9,485.5,458.1,432.5,512.5,170.1,275.0,451.7,474.1,678.1,283.9,187.6,246.8,286.8,369.7,147.7,518.6,412.2,551.9,544.2,591.0,356.8,586.9,143.3,402.4,441.0,591.0,521.4,615.7,138.4,105.0,469.0,398.1,474.9,637.1,214.8,582.9,245.5,384.6,336.0,112.7,377.9,540.1,435.9,97.3,173.3,500.2,360.2,399.9,577.3,190.5,349.9,361.8,191.2,250.7,501.4,545.7,464.3,159.6,335.3,110.0,297.5,422.1,117.7,662.1,204.3,163.9,697.9,205.9,503.2,398.0,530.8,398.6,181.6,252.5,679.6,574.6,107.0,401.6,430.8,437.6,471.1,571.4,625.3,248.6,523.2,256.3,46.5,656.7,573.2,624.2,237.9,549.6,427.5,366.4,378.4,512.0,270.8,397.1,492.5,532.6,523.8,589.1,578.7,481.5,427.3,529.2,271.9,329.7,645.3,445.2,613.5,578.7,374.6,525.6,524.7,496.4,258.0,527.7,250.6,39.3,524.7,75.3,551.1,660.9,2130.9,263.8,458.7,241.7,484.5,225.2,250.2,168.5,605.9,221.8,236.4,429.5,474.7,203.5,264.7,436.5,427.9,501.2,419.4,280.2,562.6,11.0,568.5,390.1,457.0
DR,546.0,53.3,571.1,177.1,159.7,310.1,110.5,254.1,366.9,181.1,260.6,532.9,109.9,459.5,245.6,397.5,221.1,142.3,420.4,80.4,176.8,526.0,0.0,253.6,514.9,256.5,294.5,69.3,293.8,173.5,174.9,499.8,555.5,217.8,254.9,234.2,545.6,442.6,515.0,502.9,310.4,503.9,46.3,564.3,90.0,269.8,153.9,160.3,169.3,580.2,417.4,381.7,177.5,154.1,171.8,397.2,525.2,272.6,338.8,310.6,193.2,431.8,121.0,545.4,399.6,276.7,512.4,318.6,78.2,135.0,532.8,607.9,4.4,266.7,375.3,160.6,562.7,256.4,236.9,549.0,441.9,84.7,129.0,191.1,514.9,360.4,577.9,449.6,362.8,585.6,218.2,441.3,631.8,236.0,546.1,219.2,338.7,149.2,281.0,515.1,557.4,217.7,157.9,430.7,393.5,164.8,173.3,306.8,127.5,181.4,519.1,257.2,408.4,509.9,237.4,298.8,207.5,454.9,283.6,263.2,381.4,319.1,394.8,462.0,337.8,328.2,33.0,257.8,127.2,176.1,73.3,263.0,263.2,498.4,481.8,201.4,280.9,196.8,162.0,142.0,58.3,181.1,85.3,646.4,253.3,402.7,565.4,181.1,580.4,159.8,199.0,2057.1,493.3,422.2,522.2,218.5,440.7,550.1,405.5,162.0,599.3,506.9,86.4,42.7,477.2,467.3,253.9,443.0,235.2,239.6,497.0,118.7,514.9,124.6,382.0,472.0
DW,501.3,253.3,526.4,426.2,169.6,265.4,227.0,206.4,322.2,239.2,215.9,424.4,309.9,414.8,113.0,352.8,210.0,261.3,375.7,213.7,112.8,481.3,286.6,0.0,470.2,69.7,95.1,223.6,68.2,118.6,227.0,455.1,510.8,148.2,120.8,416.2,500.9,397.9,470.3,457.6,265.7,459.2,333.0,519.6,290.0,258.7,305.5,97.1,351.3,535.5,372.7,337.0,305.5,259.5,353.8,352.5,480.5,94.7,294.1,81.7,375.2,387.1,321.0,500.7,354.9,232.0,467.7,273.9,278.2,233.5,488.1,499.4,282.2,222.0,330.6,309.3,518.0,211.7,223.6,504.3,397.2,279.8,362.2,160.8,470.2,315.7,533.2,404.9,318.1,540.9,400.2,396.6,587.1,436.0,501.4,207.4,294.0,254.6,260.4,470.4,512.7,417.7,407.0,386.0,348.8,145.3,152.1,121.3,309.5,363.4,474.4,237.7,363.7,465.2,410.9,287.7,440.3,410.2,264.1,104.3,336.7,274.4,388.9,417.3,293.1,102.6,319.7,238.3,327.2,358.1,219.6,63.2,243.7,453.7,437.1,383.4,122.0,315.8,357.1,153.0,345.0,239.2,274.8,601.7,242.2,358.0,520.7,239.2,535.7,265.6,399.0,2026.6,448.6,405.9,477.5,212.9,396.0,505.4,360.8,344.0,554.6,462.2,207.9,283.5,432.5,422.6,54.5,375.1,215.7,233.7,452.3,300.7,470.2,306.6,337.3,427.3
EB,270.5,515.5,132.6,594.1,462.0,369.7,405.2,344.9,342.7,525.0,320.2,319.1,572.1,361.9,447.1,366.5,495.8,559.3,361.5,435.6,374.0,252.9,504.9,494.6,0.0,421.1,453.2,485.8,478.3,414.8,512.8,254.6,175.8,452.0,456.4,678.4,107.1,245.6,16.9,241.9,328.5,305.7,518.9,197.6,552.2,544.5,591.3,357.1,587.2,282.9,190.1,298.1,591.3,521.7,616.0,326.8,244.6,469.3,339.0,495.1,637.4,337.6,583.2,403.5,172.3,336.3,270.7,320.3,540.4,436.2,272.3,331.3,500.5,360.5,263.6,577.6,71.6,350.2,362.1,191.4,346.4,501.7,546.0,464.6,221.9,365.7,268.0,312.3,276.1,275.7,662.4,291.7,321.9,698.2,55.0,503.6,363.9,531.1,398.9,339.6,118.9,679.9,574.9,295.4,265.3,431.1,439.6,475.4,571.7,625.6,192.4,523.5,349.5,299.5,657.0,573.5,624.5,360.7,549.9,427.8,201.9,378.7,318.1,366.5,301.1,512.7,532.9,524.1,589.4,579.0,481.8,427.6,529.5,429.9,280.1,645.6,445.5,613.8,579.0,374.9,525.9,525.0,496.7,151.6,528.0,343.8,222.8,525.0,200.9,551.4,661.2,2113.2,34.5,264.8,127.7,484.8,198.0,408.2,283.3,606.2,115.4,180.2,429.8,475.0,321.1,381.3,436.8,276.1,501.5,419.7,401.5,562.9,264.0,568.8,253.8,244.7
EE,431.5,159.9,456.6,302.4,99.8,195.6,157.2,136.6,252.4,169.4,146.1,398.0,216.5,345.0,100.0,283.0,140.2,267.6,305.9,143.9,43.0,411.5,193.2,71.5,400.4,0.0,82.1,130.2,37.2,105.6,157.2,385.3,441.0,78.4,107.8,322.8,431.1,328.1,400.5,387.8,195.9,389.4,227.2,449.8,196.6,188.9,235.7,89.4,257.9,465.7,302.9,267.2,235.7,211.1,260.4,282.7,410.7,58.8,224.3,54.0,281.8,317.3,227.6,430.9,285.1,162.2,397.9,204.1,184.8,163.7,418.3,473.0,188.8,152.2,260.8,285.9,448.2,141.9,153.8,434.5,327.4,210.0,254.3,91.0,400.4,245.9,463.4,335.1,248.3,471.1,306.8,326.8,517.3,342.6,431.6,194.4,224.2,206.2,190.6,400.6,442.9,324.3,283.2,316.2,279.0,75.5,84.0,78.1,216.1,270.0,404.6,167.9,293.9,395.4,326.0,217.9,346.9,340.4,194.3,34.5,266.9,204.6,381.2,347.5,223.3,71.6,226.3,168.5,233.8,264.7,126.2,6.5,173.9,383.9,367.3,290.0,52.2,322.1,287.3,83.2,234.2,169.4,205.0,531.9,172.4,288.2,450.9,169.4,465.9,195.8,305.6,2011.4,378.8,336.1,407.7,199.9,326.2,435.6,291.0,250.6,484.8,392.4,138.1,190.1,362.7,352.8,15.6,305.3,145.9,211.4,382.5,207.3,400.4,213.2,267.5,357.5
EG,511.7,211.7,536.8,384.6,180.0,275.8,223.1,216.8,332.6,244.9,226.3,465.1,268.3,425.2,41.3,363.2,210.0,337.4,386.1,247.0,123.2,491.7,245.0,74.9,480.6,80.1,0.0,182.0,58.6,77.0,238.7,465.5,521.2,158.6,25.7,374.6,511.3,408.3,480.7,468.0,276.1,469.6,291.4,530.0,248.4,258.7,299.7,137.8,309.7,545.9,383.1,347.4,299.7,217.9,312.2,362.9,490.9,105.1,304.5,75.4,333.6,397.5,279.4,511.1,365.3,242.4,478.1,284.3,236.6,229.6,498.5,540.1,240.6,232.4,341.0,385.4,528.4,222.1,234.0,514.7,407.6,303.1,324.1,171.2,480.6,326.1,543.6,415.3,328.5,551.3,358.6,407.0,597.5,394.4,511.8,165.8,304.4,213.0,270.8,480.8,523.1,376.1,365.4,396.4,359.2,182.9,153.8,79.7,267.9,321.8,484.8,237.7,374.1,475.6,377.8,287.7,398.7,420.6,264.1,91.6,347.1,284.8,429.6,427.7,303.5,93.0,278.1,238.3,285.6,316.5,178.0,73.6,243.7,464.1,447.5,341.8,99.4,391.9,375.1,163.4,303.4,244.9,298.1,612.1,242.2,368.4,531.1,244.9,546.1,259.8,357.4,1985.0,459.0,416.3,487.9,171.3,406.4,515.8,371.2,302.4,565.0,472.6,241.2,241.9,442.9,433.0,64.9,385.5,215.7,274.4,462.7,259.1,480.6,265.0,347.7,437.7
EI,518.8,29.6,543.9,202.5,89.4,282.9,116.4,223.9,339.7,111.7,233.4,485.3,86.2,432.3,176.2,370.3,160.1,155.3,393.2,86.3,130.3,498.8,62.9,204.4,487.7,132.8,182.3,0.0,170.1,104.1,105.5,472.6,528.3,147.5,185.5,192.5,518.4,415.4,487.8,475.7,283.2,476.7,109.3,537.1,66.3,208.8,130.2,177.4,127.6,553.0,390.2,354.5,166.5,84.7,130.1,370.0,498.0,191.7,311.6,186.9,151.5,404.6,97.3,518.2,372.4,249.5,485.2,291.4,54.5,116.4,505.6,560.3,58.5,239.5,348.1,203.3,535.5,229.2,254.0,521.8,414.7,121.0,142.0,126.7,487.7,333.2,550.7,422.4,335.6,558.4,176.5,414.1,604.6,212.3,518.9,149.8,311.5,79.8,298.1,487.9,530.2,194.0,183.3,403.5,366.3,95.4,103.9,183.1,85.8,139.7,491.9,187.8,381.2,482.7,195.7,237.8,216.6,427.7,214.2,139.5,354.2,291.9,411.9,434.8,310.6,204.5,96.0,188.4,103.5,134.4,3.9,139.3,193.8,471.2,454.6,159.7,157.2,209.8,193.0,147.9,121.3,111.7,116.0,619.2,192.3,375.5,538.2,111.7,553.2,126.6,175.3,1987.7,466.1,439.3,495.0,149.1,413.5,522.9,378.3,120.3,572.1,479.7,92.3,59.8,450.0,440.1,148.5,392.6,165.8,256.7,469.8,77.0,487.7,82.9,354.8,444.8
EJ,470.6,199.0,495.7,341.5,138.9,234.7,196.3,175.7,291.5,208.5,185.2,421.4,255.6,384.1,100.3,322.1,179.3,306.7,345.0,183.0,82.1,450.6,232.3,51.8,439.5,39.0,82.4,169.3,0.0,105.9,196.3,424.4,480.1,117.5,108.1,361.9,470.2,367.2,439.6,426.9,235.0,428.5,266.3,488.9,235.7,228.0,274.8,114.7,297.0,504.8,342.0,306.3,274.8,250.2,299.5,321.8,449.8,64.0,263.4,32.2,320.9,356.4,266.7,470.0,324.2,201.3,437.0,243.2,223.9,202.8,457.4,496.4,227.9,191.3,299.9,325.0,487.3,181.0,192.9,473.6,366.5,249.1,293.4,130.1,439.5,285.0,502.5,374.2,287.4,510.2,345.9,365.9,556.4,381.7,470.7,194.7,263.3,245.3,229.7,439.7,482.0,363.4,322.3,355.3,318.1,114.6,123.1,108.6,255.2,309.1,443.7,207.0,333.0,434.5,365.1,257.0,386.0,379.5,233.4,73.6,306.0,243.7,406.5,386.6,262.4,49.8,265.4,207.6,272.9,303.8,165.3,32.5,213.0,423.0,406.4,329.1,91.3,361.2,326.4,122.3,273.3,208.5,244.1,571.0,211.5,327.3,490.0,208.5,505.0,234.9,344.7,2013.9,417.9,375.2,446.8,200.2,365.3,474.7,330.1,289.7,523.9,431.5,177.2,229.2,401.8,391.9,23.8,344.4,185.0,250.5,421.6,246.4,439.5,252.3,306.6,396.6
EK,471.6,134.6,496.7,307.5,125.5,235.7,146.0,176.7,292.5,167.8,186.2,438.1,191.2,385.1,72.0,323.1,132.9,260.3,346.0,169.9,83.1,451.6,167.9,119.5,440.5,85.6,78.1,104.9,122.9,0.0,161.6,425.4,481.1,136.5,81.3,297.5,471.2,368.2,440.6,427.9,236.0,429.5,214.3,489.9,171.3,181.6,222.6,129.5,232.6,505.8,343.0,307.3,222.6,140.8,235.1,322.8,450.8,144.5,264.4,139.7,256.5,357.4,202.3,471.0,325.2,202.3,438.0,244.2,159.5,152.5,458.4,513.1,163.5,192.3,300.9,308.3,488.3,182.0,193.9,474.6,367.5,226.0,247.0,162.8,440.5,286.0,503.5,375.2,288.4,511.2,281.5,366.9,557.4,317.3,471.7,88.7,264.3,135.9,230.7,440.7,483.0,299.0,288.3,356.3,319.1,68.2,76.7,135.9,190.8,244.7,444.7,160.6,334.0,435.5,300.7,210.6,321.6,380.5,187.0,92.3,307.0,244.7,421.3,387.6,263.4,157.3,201.0,161.2,208.5,239.4,100.9,92.1,166.6,424.0,407.4,264.7,110.0,314.8,298.0,123.3,226.3,167.8,221.0,572.0,165.1,328.3,491.0,167.8,506.0,182.7,280.3,1883.5,418.9,376.2,447.8,132.0,366.3,475.7,331.1,225.3,524.9,432.5,164.1,164.8,402.8,392.9,101.3,345.4,138.6,251.5,422.6,182.0,440.5,187.9,307.6,397.6
EO,553.9,149.9,579.0,324.7,124.7,318.0,145.2,259.0,374.8,55.0,268.5,520.4,162.3,467.4,229.5,405.4,69.0,277.5,428.3,169.1,165.4,533.9,185.1,239.5,522.8,167.9,235.6,122.1,205.2,157.4,0.0,507.7,563.4,182.8,238.8,314.7,553.5,450.5,522.9,510.8,318.3,511.8,231.5,572.2,170.1,117.7,121.3,211.8,249.8,588.1,425.3,389.6,121.3,107.4,252.3,405.1,533.1,226.8,346.7,218.7,273.7,439.7,193.4,553.3,407.5,284.6,520.3,326.5,121.9,151.7,540.7,595.4,180.7,274.6,383.2,311.1,570.6,264.3,276.2,556.9,449.8,235.2,264.2,162.0,522.8,368.3,585.8,457.5,370.7,593.5,298.7,449.2,639.7,308.4,554.0,203.1,346.6,61.1,313.0,523.0,565.3,290.1,305.5,438.6,401.4,102.0,93.1,218.2,208.0,261.9,531.6,149.7,416.3,517.8,309.4,146.7,338.8,462.8,145.9,174.6,389.3,327.0,503.6,469.9,345.7,239.6,218.2,120.1,199.6,256.6,118.1,174.4,155.7,506.3,489.7,281.9,192.3,332.0,312.5,176.7,243.5,55.0,230.2,654.3,101.2,410.6,573.3,55.0,588.3,81.4,271.4,2041.0,501.2,458.5,530.1,137.8,448.6,558.0,413.4,242.5,607.2,514.8,163.3,182.0,485.1,475.2,183.6,427.7,97.5,333.8,504.9,199.2,522.8,205.1,389.9,479.9
EY,213.2,459.4,182.3,538.0,405.9,313.6,349.1,288.8,193.7,468.9,264.1,261.8,516.0,195.3,409.0,217.5,439.7,503.2,212.5,379.5,317.9,150.1,448.8,394.2,249.5,365.0,415.1,429.7,402.3,376.7,456.7,0.0,173.2,395.9,418.3,622.3,240.6,37.1,249.6,129.8,313.9,239.7,462.8,331.1,496.1,488.4,535.2,301.0,531.1,120.0,346.6,385.2,535.2,465.6,559.9,151.0,65.0,413.2,342.3,419.1,581.3,167.6,527.1,281.2,328.8,280.2,213.4,322.1,484.3,380.1,113.0,274.0,444.4,304.4,344.1,521.5,238.3,294.1,306.0,107.3,203.5,445.6,489.9,408.5,75.7,279.5,210.7,241.7,366.3,218.4,606.3,71.5,264.6,642.1,228.5,447.4,342.2,475.0,342.8,250.9,168.6,623.8,518.8,184.5,345.8,375.0,383.5,415.3,515.6,569.5,136.8,467.4,200.5,151.9,600.9,517.4,568.4,190.7,493.8,371.7,310.6,322.6,456.2,223.6,341.3,436.7,476.8,468.0,533.3,522.9,425.7,371.5,473.4,234.2,273.9,589.5,389.4,557.7,522.9,318.8,469.8,468.9,440.6,221.6,471.9,194.8,120.7,468.9,120.2,495.3,605.1,2075.1,227.9,402.9,139.9,428.7,74.7,285.9,113.3,550.1,174.5,124.6,373.7,418.9,53.0,255.9,380.7,372.1,445.4,363.6,233.0,506.8,161.2,512.7,334.3,401.2
EZ,328.2,516.0,84.5,594.6,462.5,370.2,405.7,345.4,250.3,525.5,320.7,325.9,572.6,272.9,465.6,274.1,496.3,559.8,269.1,436.1,374.5,274.3,505.4,450.8,133.7,421.6,471.7,486.3,458.9,433.3,513.3,190.4,0.0,452.5,474.9,678.9,124.8,153.2,133.8,149.5,370.5,317.3,519.4,215.3,552.7,545.0,591.8,357.6,587.7,244.2,269.5,377.5,591.8,522.2,616.5,236.8,189.2,469.8,398.9,475.7,637.9,245.2,583.7,358.8,251.7,336.8,328.4,378.7,540.9,436.7,237.2,389.0,501.0,361.0,343.0,578.1,129.3,350.7,362.6,94.1,254.0,502.2,546.5,465.1,124.6,336.1,325.7,298.3,355.5,333.4,662.9,199.3,379.6,698.7,112.7,504.0,398.8,531.6,399.4,328.5,70.8,680.4,575.4,270.3,344.7,431.6,440.1,471.9,572.2,626.1,100.0,524.0,257.1,276.1,657.5,574.0,625.0,268.3,550.4,428.3,281.3,379.2,397.5,274.1,380.5,493.3,533.4,524.6,589.9,579.5,482.3,428.1,530.0,311.8,297.8,646.1,446.0,614.3,579.5,375.4,526.4,525.5,497.2,154.3,528.5,251.4,244.9,525.5,244.4,551.9,661.7,2131.7,112.1,344.2,30.1,485.3,105.6,363.5,190.9,606.7,107.2,87.8,430.3,475.5,223.8,288.9,437.3,355.5,502.0,420.2,309.1,563.4,285.4,569.3,333.2,324.1
FA,469.9,178.3,495.0,308.4,68.6,234.0,126.0,175.0,290.8,187.8,184.5,436.4,234.9,383.4,141.5,321.4,158.6,273.6,344.3,149.9,81.4,449.9,211.6,137.5,438.8,65.9,148.1,148.6,103.2,165.1,175.6,423.7,479.4,0.0,150.8,341.2,469.5,366.5,438.9,426.2,234.3,427.8,233.2,488.2,215.0,207.3,254.1,127.8,276.3,504.1,341.3,305.6,254.1,179.9,278.8,321.1,449.1,124.8,262.7,120.0,300.2,355.7,246.0,469.3,323.5,200.6,436.3,242.5,203.2,132.5,456.7,511.4,207.2,190.6,299.2,291.9,486.6,180.3,192.2,472.9,365.8,216.0,260.3,59.8,438.8,284.3,501.8,373.5,286.7,509.5,325.2,365.2,555.7,361.0,470.0,166.3,262.6,175.0,229.0,439.0,481.3,342.7,289.2,354.6,317.4,93.9,102.4,116.2,234.5,288.4,443.0,186.3,332.3,433.8,344.4,236.3,365.3,378.8,212.7,72.6,305.3,243.0,419.6,385.9,261.7,137.6,244.7,186.9,252.2,283.1,144.6,72.4,192.3,422.3,405.7,308.4,90.3,328.1,293.3,117.7,240.2,187.8,211.0,570.3,190.8,326.6,489.3,187.8,504.3,214.2,324.0,2073.1,417.2,374.5,446.1,147.6,364.6,474.0,329.4,269.0,523.2,430.8,144.1,208.5,401.1,391.2,81.6,343.7,164.3,249.8,420.9,225.7,438.8,231.6,305.9,395.9
FD,528.5,218.3,553.6,391.2,209.2,292.6,229.7,233.6,349.4,251.5,243.1,486.9,274.9,442.0,10.6,380.0,216.6,344.0,402.9,253.6,140.0,508.5,251.6,96.7,497.4,104.8,21.8,188.6,80.4,83.6,245.3,482.3,538.0,175.4,0.0,381.2,528.1,425.1,497.5,484.8,292.9,486.4,298.0,546.8,255.0,265.3,306.3,159.6,316.3,562.7,399.9,364.2,306.3,224.5,318.8,379.7,507.7,126.9,321.3,97.2,340.2,414.3,286.0,527.9,382.1,259.2,494.9,301.1,243.2,236.2,515.3,561.9,247.2,249.2,357.8,392.0,545.2,238.9,250.8,531.5,424.4,309.7,330.7,188.0,497.4,342.9,560.4,432.1,345.3,568.1,365.2,423.8,614.3,401.0,528.6,172.4,321.2,219.6,287.6,497.6,539.9,382.7,372.0,413.2,376.0,189.5,160.4,68.3,274.5,328.4,501.6,244.3,390.9,492.4,384.4,294.3,405.3,437.4,270.7,80.2,363.9,301.6,451.4,444.5,320.3,114.8,284.7,244.9,292.2,323.1,184.6,95.4,250.3,480.9,464.3,348.4,88.0,398.5,381.7,180.2,310.0,251.5,304.7,628.9,248.8,385.2,547.9,251.5,562.9,266.4,364.0,1991.6,475.8,433.1,504.7,177.9,423.2,532.6,388.0,309.0,581.8,489.4,247.8,248.5,459.7,449.8,86.7,402.3,222.3,296.2,479.5,265.7,497.4,271.6,364.5,454.5
FE,676.4,214.6,701.5,128.3,314.7,440.5,265.5,390.0,497.3,324.4,391.0,668.8,271.2,589.9,448.3,527.9,372.8,217.8,550.8,235.4,331.2,656.4,253.3,389.5,645.3,405.0,430.4,212.6,403.5,316.8,318.2,630.2,685.9,372.8,456.1,0.0,676.0,573.0,645.4,632.7,440.8,634.3,213.9,694.7,251.3,421.5,315.2,296.2,101.7,710.6,547.8,512.1,338.8,297.4,86.5,527.6,655.6,408.5,469.2,420.3,216.2,562.2,266.5,675.8,530.0,407.1,642.8,449.0,239.5,290.0,663.2,743.8,248.9,437.5,505.7,194.5,693.1,427.2,372.8,679.4,572.3,204.7,204.5,346.1,645.3,490.8,708.3,580.0,493.2,716.0,16.5,571.7,762.2,321.5,676.5,362.5,469.1,292.5,416.9,645.5,687.8,303.2,140.6,561.1,523.9,308.1,316.6,395.8,170.4,118.0,649.5,400.5,538.8,640.3,87.9,450.5,108.8,585.3,426.9,352.2,511.8,449.5,530.7,592.4,468.2,437.9,227.9,401.1,288.5,108.5,216.6,398.5,406.5,628.8,612.2,173.7,369.9,243.3,195.9,297.0,197.9,324.4,239.0,776.8,405.0,533.1,695.8,324.4,710.8,321.1,284.5,2200.4,623.7,558.1,652.6,361.8,571.1,680.5,535.9,185.0,729.7,637.3,241.4,223.4,607.6,597.7,389.8,578.9,378.5,375.5,627.4,161.6,645.3,185.5,512.4,661.7
FI,291.7,569.6,93.8,648.2,516.1,423.8,459.3,399.0,303.9,579.1,374.3,340.3,626.2,326.5,490.0,297.8,549.9,613.4,262.6,489.7,428.1,274.1,559.0,504.4,97.2,475.2,496.1,539.9,512.5,457.7,566.9,215.8,137.0,506.1,499.3,732.5,0.0,206.8,97.3,203.7,371.4,326.9,573.0,90.4,606.3,598.6,645.4,411.2,641.3,273.5,233.0,341.0,645.4,575.8,670.1,290.4,218.5,523.4,381.9,529.3,691.5,298.8,637.3,412.4,215.2,390.4,291.9,363.2,594.5,490.3,266.5,352.5,554.6,414.6,306.5,631.7,92.8,404.3,416.2,123.4,307.6,555.8,600.1,518.7,153.9,389.7,289.2,205.1,319.0,296.9,716.5,252.9,343.1,752.3,76.2,546.5,406.8,585.2,453.0,360.8,80.1,734.0,629.0,316.6,308.2,485.2,492.0,518.3,625.8,679.7,153.6,577.6,310.6,305.4,710.9,627.6,678.6,321.9,604.0,481.9,244.8,432.8,361.0,327.7,344.0,546.9,587.0,578.2,643.5,633.1,535.9,481.7,583.6,365.4,172.9,699.7,499.6,667.9,633.1,429.0,580.0,579.1,550.8,172.8,582.1,242.0,244.0,579.1,222.1,605.5,715.3,2156.1,75.6,307.7,88.9,538.9,159.2,417.1,244.5,660.3,136.5,141.4,483.9,529.1,253.1,342.5,490.9,319.0,555.6,473.8,362.7,617.0,285.2,622.9,296.7,287.6
FN,230.7,422.2,199.8,500.8,368.7,276.4,311.9,251.6,156.5,431.7,226.9,242.2,478.8,189.2,371.8,180.3,402.5,466.0,175.3,342.3,280.7,167.6,411.6,357.0,222.6,327.8,377.9,392.5,365.1,339.5,419.5,57.1,152.3,358.7,381.1,585.1,213.7,0.0,222.7,99.1,276.7,233.6,425.6,304.2,458.9,451.2,498.0,263.8,493.9,137.5,309.4,348.0,498.0,428.4,522.7,144.9,82.5,376.0,305.1,381.9,544.1,161.5,489.9,275.1,291.6,243.0,230.9,284.9,447.1,342.9,130.5,291.5,407.2,267.2,306.9,484.3,218.2,256.9,268.8,124.8,160.2,408.4,452.7,371.3,93.2,242.3,228.2,204.5,329.1,235.9,569.1,65.4,282.1,604.9,201.6,410.2,305.0,437.8,305.6,244.8,186.1,586.6,481.6,178.4,308.6,337.8,346.3,378.1,478.4,532.3,115.9,430.2,163.3,169.4,563.7,480.2,531.2,184.6,456.6,334.5,273.4,285.4,419.0,180.3,304.1,399.5,439.6,430.8,496.1,485.7,388.5,334.3,436.2,228.1,236.7,552.3,352.2,520.5,485.7,281.6,432.6,431.7,403.4,239.1,434.7,157.6,138.2,431.7,137.7,458.1,567.9,2037.9,201.0,365.7,119.0,391.5,37.5,279.8,107.2,512.9,192.0,103.7,336.5,381.7,46.9,195.1,343.5,334.9,408.2,326.4,226.9,469.6,178.7,475.5,297.1,364.0
FQ,266.6,505.2,120.2,583.8,451.7,359.4,394.9,334.6,330.3,514.7,309.9,315.2,561.8,358.0,436.8,354.1,485.5,549.0,349.1,425.3,363.7,249.0,494.6,484.3,26.5,410.8,442.9,475.5,468.0,404.5,502.5,242.2,163.4,441.7,446.1,668.1,94.7,233.2,0.0,229.5,318.2,301.8,508.6,185.2,541.9,534.2,581.0,346.8,576.9,279.0,179.8,287.8,581.0,511.4,605.7,322.9,240.7,459.0,328.7,484.8,627.1,325.2,572.9,399.6,162.0,326.0,266.8,310.0,530.1,425.9,268.4,327.4,490.2,350.2,253.3,567.3,98.2,339.9,351.8,149.8,334.0,491.4,535.7,454.3,180.3,355.4,264.1,299.9,265.8,271.8,652.1,279.3,318.0,687.9,81.6,493.3,353.6,520.8,388.6,335.7,106.5,669.6,564.6,291.5,255.0,420.8,429.3,465.1,561.4,615.3,180.0,513.2,337.1,295.6,646.7,563.2,614.2,348.3,539.6,417.5,191.6,368.4,307.8,354.1,290.8,502.4,522.6,513.8,579.1,568.7,471.5,417.3,519.2,391.8,267.7,635.3,435.2,603.5,568.7,364.6,515.6,514.7,486.4,192.4,517.7,331.4,218.9,514.7,197.0,541.1,650.9,2102.9,24.2,254.5,115.3,474.5,185.6,404.3,270.9,595.9,156.2,167.8,419.5,464.7,279.5,368.9,426.5,265.8,491.2,409.4,389.1,552.6,260.1,558.5,243.5,234.4
FT,320.5,452.5,180.3,531.1,399.0,306.7,342.2,281.9,186.8,462.0,257.7,262.9,509.1,209.9,402.6,210.6,432.8,496.8,205.6,372.6,311.0,257.9,441.9,387.8,229.5,358.1,408.7,422.8,395.9,369.8,449.8,107.9,159.2,389.5,411.9,615.4,220.6,89.7,229.6,0.0,307.0,253.8,456.4,349.5,489.7,481.5,528.8,294.1,524.7,227.8,339.7,378.8,528.8,458.7,553.5,173.8,172.3,406.3,335.4,408.9,574.4,181.7,520.7,295.3,321.9,273.8,288.5,315.2,477.4,373.2,220.3,337.4,437.5,297.5,337.2,514.6,225.6,287.2,299.1,152.7,190.5,438.7,480.0,401.6,118.6,272.6,318.0,234.8,359.4,325.7,599.4,136.3,371.9,635.2,208.5,440.5,335.3,468.1,336.4,265.5,166.6,616.9,512.4,206.8,339.0,368.6,376.6,408.9,508.7,562.6,122.8,460.5,193.6,259.2,593.8,510.5,561.5,204.8,486.9,364.8,304.2,315.7,449.8,210.6,334.4,429.8,469.9,461.1,526.9,516.5,418.8,364.6,466.5,248.8,267.0,582.6,382.5,550.8,516.5,312.4,462.9,462.0,433.7,250.6,465.5,187.9,228.5,462.0,227.5,488.9,598.2,2068.7,208.4,396.0,125.9,421.8,42.6,300.5,127.4,543.2,203.5,110.6,366.8,412.0,136.7,225.9,373.8,365.2,438.5,356.7,245.6,499.9,268.5,505.8,327.4,394.8
FU,392.8,282.7,361.7,361.3,229.2,48.7,172.4,112.1,213.7,292.2,49.7,359.3,339.3,306.3,263.9,244.3,263.0,326.5,267.2,202.8,141.2,372.8,272.1,217.5,305.5,188.3,258.4,253.0,225.6,225.0,280.0,346.6,404.9,219.2,273.2,445.6,336.2,289.4,305.6,349.1,0.0,350.7,286.1,426.7,319.4,311.7,358.5,124.3,354.4,427.0,185.3,71.2,358.5,288.9,383.2,244.0,372.0,236.5,28.3,242.4,404.6,278.6,350.4,392.2,203.8,33.6,359.2,8.1,307.6,203.4,379.6,434.3,267.7,127.7,64.8,344.8,353.3,117.4,129.3,391.3,288.7,268.9,313.2,231.8,361.7,207.2,424.7,296.4,52.3,432.4,429.6,288.1,478.6,465.4,336.7,270.7,53.2,298.3,166.1,361.9,348.0,447.1,342.1,277.5,83.0,198.3,206.8,238.6,338.9,392.8,421.5,290.7,255.2,356.7,424.2,340.7,391.7,301.7,317.1,195.0,172.0,57.7,193.4,308.8,27.3,260.0,300.1,291.3,356.6,346.2,249.0,194.8,296.7,345.2,328.6,412.8,212.7,381.0,346.2,142.1,293.1,292.2,263.9,433.3,295.2,249.5,412.2,292.2,427.2,318.6,428.4,1972.7,283.9,140.1,356.8,252.0,287.5,396.9,252.3,373.4,397.1,409.3,197.0,242.2,324.0,314.1,204.0,109.3,268.7,186.9,343.8,330.1,361.7,336.0,71.5,214.2
FV,127.8,493.3,340.0,571.9,439.8,347.5,383.0,322.7,227.6,502.8,298.0,38.8,549.9,81.6,442.9,251.4,473.6,537.1,246.4,413.4,351.8,175.0,482.7,428.1,312.3,398.9,449.0,463.6,459.1,410.6,490.6,263.2,318.9,429.8,452.2,656.2,344.0,206.0,306.9,265.7,347.8,0.0,496.7,390.3,530.0,522.3,569.1,334.9,565.0,248.9,380.5,419.1,569.1,499.5,593.8,138.3,210.6,447.1,376.2,491.4,615.2,108.9,561.0,97.7,362.7,314.1,47.0,356.0,518.2,414.0,237.4,90.9,478.3,338.3,378.0,555.4,250.6,328.0,339.9,312.4,127.1,479.5,523.8,442.4,278.3,313.4,159.7,275.6,400.2,167.4,640.2,164.4,213.6,676.0,267.2,481.3,376.1,508.9,376.7,33.8,326.3,657.7,552.7,138.9,379.7,408.9,417.4,449.2,549.5,603.4,282.5,501.3,234.4,186.6,634.8,551.3,602.3,151.0,527.7,405.6,344.5,356.5,490.1,147.2,375.2,509.0,510.7,501.9,567.2,556.8,459.6,405.4,507.3,124.1,307.8,623.4,423.3,591.6,556.8,352.7,503.7,502.8,474.5,318.1,505.8,228.7,144.9,502.8,180.4,529.2,639.0,2109.0,323.9,436.8,285.6,462.6,204.1,102.4,128.6,584.0,281.9,270.3,407.6,452.8,200.3,142.4,414.6,406.0,479.3,397.5,156.6,540.7,186.1,546.6,368.2,435.1
FW,537.0,110.9,562.1,145.1,150.7,301.1,101.5,242.1,357.9,232.1,251.6,503.5,167.5,450.5,323.1,388.5,286.5,110.3,411.4,71.4,167.8,517.0,57.5,273.8,505.9,247.5,314.7,126.9,284.8,231.1,225.9,490.8,546.5,208.8,332.4,233.1,536.6,433.6,506.0,493.3,301.4,494.9,0.0,555.3,147.6,335.2,211.5,180.5,138.2,571.2,408.4,372.7,235.1,205.1,164.2,388.2,516.2,292.8,329.8,301.6,250.8,422.8,178.6,536.4,390.6,267.7,503.4,309.6,135.8,126.0,523.8,578.5,61.9,257.7,366.3,128.6,553.7,247.4,257.1,540.0,432.9,52.7,97.0,182.1,505.9,351.4,568.9,440.6,353.8,576.6,217.1,432.3,622.8,293.6,537.1,276.8,329.7,200.2,301.2,506.1,548.4,275.3,125.9,421.7,384.5,224.9,233.4,297.8,149.9,161.7,510.1,317.3,399.4,500.9,208.0,364.2,175.5,445.9,343.7,254.2,372.4,310.1,415.0,453.0,328.8,319.2,13.9,317.9,184.8,130.0,130.9,254.0,323.3,489.4,472.8,212.3,271.9,164.8,130.0,133.0,66.6,232.1,76.3,637.4,318.7,393.7,556.4,232.1,571.4,217.4,256.6,2116.9,484.3,442.4,513.2,278.6,431.7,541.1,396.5,219.6,590.3,497.9,77.4,59.4,468.2,458.3,263.2,410.8,295.3,259.8,488.0,141.1,505.9,182.2,373.0,463.0
GB,382.8,529.1,184.9,607.7,475.6,383.3,418.8,358.5,237.9,538.6,333.8,394.3,585.7,341.3,478.7,207.3,509.4,572.9,172.1,449.2,387.6,365.2,518.5,463.9,188.3,434.7,484.8,499.4,472.0,446.4,526.4,306.9,228.1,465.6,488.0,692.0,91.0,297.9,188.4,294.2,383.6,385.7,532.5,0.0,565.8,558.1,604.9,370.7,600.8,364.6,324.1,454.9,604.9,535.3,629.6,279.0,309.6,482.9,412.0,488.8,651.0,313.6,596.8,427.2,306.3,349.9,383.0,391.8,554.0,449.8,357.6,443.6,514.1,374.1,413.8,591.2,183.9,363.8,375.7,214.5,314.2,515.3,559.6,478.2,245.0,349.2,380.3,114.6,436.0,388.0,676.0,323.1,434.2,711.8,167.3,517.1,411.9,544.7,412.5,396.9,171.2,693.5,588.5,312.5,415.5,444.7,453.2,485.0,585.3,639.2,244.7,537.1,220.1,396.5,670.6,587.1,638.1,336.7,563.5,441.4,335.9,392.3,452.1,334.3,411.0,506.4,546.5,537.7,603.0,592.6,495.4,441.2,543.1,380.2,82.5,659.2,459.1,627.4,592.6,388.5,539.5,538.6,510.3,263.9,541.6,151.5,335.1,538.6,313.2,565.0,674.8,2144.8,166.7,398.8,180.0,498.4,250.3,431.9,287.3,619.8,227.6,232.5,443.4,488.6,344.2,349.1,450.4,410.1,515.1,433.3,379.0,576.5,376.3,582.4,404.0,378.7
GF,576.6,34.7,601.7,252.6,147.2,340.7,148.5,303.3,397.5,169.5,291.2,582.1,94.8,490.1,234.0,428.1,217.9,205.4,451.0,118.4,214.8,556.6,95.0,302.8,545.5,190.6,240.1,57.7,227.9,161.9,163.3,530.4,586.1,205.3,243.3,242.6,576.2,473.2,545.6,532.9,341.0,534.5,141.4,594.9,0.0,266.6,138.8,209.5,177.7,610.8,448.0,412.3,162.4,142.5,180.2,427.8,555.8,249.5,369.4,241.4,201.6,462.4,105.9,576.0,430.2,307.3,543.0,349.2,63.1,173.0,563.4,657.1,90.6,297.3,405.9,229.0,593.3,287.0,286.1,579.6,472.5,153.1,192.1,184.5,545.5,391.0,608.5,480.2,393.4,616.2,226.6,471.9,662.4,220.9,576.7,207.6,369.3,137.6,330.2,545.7,588.0,202.6,233.4,461.3,424.1,153.2,160.0,240.9,135.9,189.8,554.3,245.6,439.0,540.5,237.3,295.6,266.7,485.5,272.0,197.3,412.0,349.7,444.0,492.6,368.4,262.3,128.1,246.2,112.1,184.5,61.7,197.1,251.6,529.0,512.4,209.8,215.0,259.9,230.4,180.0,153.4,169.5,148.1,677.0,250.1,433.3,596.0,169.5,611.0,144.7,183.9,2045.5,523.9,471.4,552.8,206.9,471.3,580.7,436.1,170.4,629.9,537.5,124.4,91.9,507.8,497.9,206.3,492.2,223.6,288.8,527.6,127.1,545.5,133.0,412.6,502.6
GJ,546.2,165.4,571.3,374.7,174.7,310.3,195.2,251.3,367.1,70.5,260.8,512.7,177.8,459.7,235.8,397.7,16.8,327.5,420.6,219.1,157.7,526.2,225.7,231.8,515.1,160.2,242.4,172.1,197.5,149.5,58.3,500.0,555.7,232.8,245.1,364.7,545.8,442.8,515.2,502.5,310.6,504.1,272.1,564.5,185.6,0.0,136.8,204.1,299.8,580.4,417.6,381.9,136.8,140.2,302.3,397.4,525.4,219.1,339.0,214.3,323.7,432.0,208.9,545.6,399.8,276.9,512.6,318.8,137.4,201.7,533.0,587.7,221.3,266.9,375.5,359.7,562.9,256.6,268.5,549.2,442.1,283.8,314.2,212.0,515.1,360.6,578.1,449.8,363.0,585.8,348.7,441.5,632.0,323.9,546.3,170.6,338.9,76.6,305.3,515.3,557.6,305.6,355.5,430.9,393.7,94.3,85.4,210.5,258.0,311.9,519.3,142.0,408.6,510.1,367.9,28.9,388.8,455.1,138.2,166.9,381.6,319.3,495.9,462.2,338.0,231.9,258.8,112.4,215.1,306.6,168.1,166.7,148.0,498.6,482.0,331.9,184.6,382.0,361.1,226.7,284.1,70.5,278.8,646.6,5.7,402.9,565.6,70.5,580.6,96.9,286.9,2049.4,493.5,450.8,522.4,130.1,440.9,550.3,405.7,292.5,599.5,507.1,213.3,222.6,477.4,467.5,175.9,420.0,89.8,326.1,497.2,249.2,515.1,255.1,382.2,472.2
GK,629.7,87.8,654.8,305.7,204.7,393.8,201.6,356.4,450.6,128.2,344.3,635.2,100.2,543.2,287.1,481.2,146.4,258.5,504.1,171.5,267.9,609.7,148.1,355.9,598.6,243.7,293.2,110.8,281.0,215.0,140.2,583.5,639.2,262.8,296.4,295.7,629.3,526.3,598.7,586.6,394.1,587.6,194.5,648.0,108.0,195.1,0.0,262.6,230.8,663.9,501.1,465.4,102.8,170.2,233.3,480.9,608.9,302.6,422.5,297.8,254.7,515.5,131.3,629.1,483.3,360.4,596.1,402.3,59.8,231.7,616.5,710.2,143.7,350.4,459.0,282.1,646.4,340.1,339.2,632.7,525.6,206.2,245.2,242.0,598.6,444.1,661.6,533.3,446.5,669.3,279.7,525.0,715.5,246.3,629.8,260.7,422.4,106.6,383.3,598.8,641.1,228.0,286.5,514.4,477.2,206.3,214.8,294.0,203.1,242.9,602.8,227.1,492.1,593.6,298.9,224.1,319.8,538.6,223.3,250.4,465.1,402.8,497.1,545.7,421.5,315.4,181.2,197.5,137.5,237.6,114.8,250.2,233.1,582.1,565.5,262.9,268.1,313.0,283.5,233.1,206.5,128.2,201.2,730.1,178.6,486.4,649.1,128.2,664.1,85.1,209.3,2098.6,577.0,524.5,605.9,215.2,524.4,633.8,489.2,223.5,683.0,590.6,177.5,145.0,560.9,551.0,259.4,545.3,174.9,341.9,580.7,180.2,598.6,186.1,465.7,555.7
GO,380.1,176.4,405.2,255.0,122.9,144.2,66.1,151.0,201.0,185.9,94.7,372.5,233.0,293.6,152.0,231.6,156.7,164.1,254.5,96.5,34.9,360.1,165.8,93.2,349.0,108.7,134.1,146.7,107.2,157.6,173.7,333.9,389.6,112.9,159.8,339.3,379.7,276.7,349.1,336.4,144.5,338.0,179.8,398.4,213.1,205.4,252.2,0.0,248.1,414.3,251.5,215.8,252.2,182.6,276.9,231.3,359.3,112.2,172.9,124.0,298.3,265.9,244.1,379.5,233.7,110.8,346.5,152.7,201.3,97.1,366.9,447.5,161.4,100.8,209.4,238.5,396.8,90.5,133.8,383.1,276.0,162.6,206.9,125.5,349.0,194.5,412.0,283.7,196.9,419.7,323.3,275.4,465.9,359.1,380.2,164.4,172.8,192.0,177.9,349.2,391.5,340.8,235.8,264.8,227.6,92.0,100.5,160.3,232.6,286.5,353.2,184.4,242.5,344.0,317.9,234.4,285.4,289.0,210.8,88.7,215.5,153.2,291.7,296.1,171.9,141.6,193.8,185.0,250.3,239.9,142.7,102.2,190.4,332.5,315.9,306.5,106.4,218.6,239.9,35.8,186.8,185.9,157.6,480.5,188.9,236.8,399.5,185.9,414.5,212.3,322.1,1960.0,327.4,319.1,356.3,145.7,274.8,384.2,239.6,267.1,433.4,341.0,90.7,135.9,311.3,301.4,93.5,339.9,162.4,136.5,331.1,223.8,349.0,229.7,216.1,306.1
GP,599.2,139.4,624.3,118.4,212.9,363.3,163.7,304.3,420.1,249.2,313.8,565.7,196.0,512.7,313.7,450.7,297.6,118.9,473.6,133.6,230.0,579.2,151.5,336.0,568.1,309.7,319.8,137.4,347.0,241.6,243.0,553.0,608.7,271.0,323.0,94.8,598.8,495.8,568.2,555.5,363.6,557.1,112.1,617.5,176.1,346.3,240.0,242.7,0.0,633.4,470.6,434.9,263.6,222.2,58.6,450.4,578.4,355.0,392.0,363.8,178.9,485.0,191.3,598.6,452.8,329.9,565.6,371.8,164.3,188.2,586.0,640.7,147.1,319.9,428.5,100.6,615.9,309.6,319.3,602.2,495.1,102.9,105.6,244.3,568.1,413.6,631.1,502.8,416.0,638.8,78.8,494.5,685.0,246.3,599.3,287.3,391.9,217.3,363.4,568.3,610.6,228.0,97.9,483.9,446.7,232.9,241.4,360.0,95.2,42.8,572.3,325.3,461.6,563.1,78.0,375.3,98.9,508.1,351.7,316.4,434.6,372.3,477.2,515.2,391.0,381.4,126.1,325.9,213.3,6.7,141.4,316.2,331.3,551.6,535.0,145.8,334.1,149.4,102.0,195.2,96.1,249.2,137.2,699.6,329.8,455.9,618.6,249.2,633.6,245.9,209.3,2125.2,546.5,504.6,575.4,286.6,493.9,603.3,458.7,147.7,652.5,560.1,139.6,121.6,530.4,520.5,325.4,473.0,303.3,322.0,550.2,86.4,568.1,110.3,435.2,525.2
GR,186.3,539.7,196.0,618.3,486.2,393.9,429.4,369.1,274.0,549.2,344.4,234.9,596.3,275.6,489.3,297.8,520.0,583.5,292.8,459.8,398.2,123.2,529.1,474.5,263.2,445.3,495.4,510.0,482.6,457.0,537.0,99.9,204.8,476.2,498.6,702.6,254.3,117.4,263.3,216.6,394.2,221.5,543.1,344.8,576.4,568.7,615.5,381.3,611.4,0.0,399.0,465.5,615.5,545.9,640.2,184.7,34.8,493.5,422.6,499.4,661.6,247.9,607.4,319.3,381.2,360.5,186.5,402.4,564.6,460.4,86.1,247.1,524.7,384.7,424.4,601.8,252.0,374.4,386.3,121.0,283.8,525.9,570.2,488.8,89.4,359.8,183.8,322.0,446.6,191.5,686.6,151.8,237.7,722.4,242.2,527.7,422.5,555.3,423.1,255.4,182.3,704.1,599.1,170.8,426.1,455.3,463.8,495.6,595.9,649.8,178.4,547.7,280.8,125.0,681.2,597.7,648.7,271.0,574.1,452.0,390.9,402.9,527.0,303.9,421.6,517.0,557.1,548.3,613.6,603.2,506.0,451.8,553.7,314.5,354.2,669.8,469.7,638.0,603.2,399.1,550.1,549.2,520.9,235.3,552.2,275.1,93.8,549.2,93.3,575.6,685.4,2155.4,241.6,473.7,171.5,509.0,155.0,324.0,193.6,630.4,188.2,166.2,454.0,499.2,133.3,336.2,461.0,452.4,525.7,443.9,313.3,587.1,134.3,593.0,414.6,453.6
GT,425.6,386.8,235.1,465.4,333.3,241.0,276.5,216.2,243.5,396.3,191.5,389.1,443.4,336.1,318.4,274.1,367.1,430.6,297.0,306.9,245.3,408.0,376.2,365.9,178.9,292.4,324.5,357.1,349.6,286.1,384.1,357.1,278.3,323.3,327.7,549.7,209.6,348.1,179.0,344.4,195.3,380.5,390.2,300.1,423.5,415.8,462.6,228.4,458.5,414.8,0.0,164.9,462.6,393.0,487.3,273.8,359.8,340.6,205.8,366.4,508.7,308.4,454.5,422.0,18.4,207.6,389.0,187.1,411.7,307.5,407.8,464.1,371.8,231.8,130.4,448.9,226.7,221.5,233.4,264.7,318.5,373.0,417.3,335.9,295.2,237.0,423.1,326.2,142.9,430.8,533.7,317.9,477.0,569.5,210.1,374.9,230.7,402.4,270.2,391.7,221.4,551.2,446.2,307.3,112.2,302.4,310.9,346.7,443.0,496.9,294.9,394.8,285.0,386.5,528.3,444.8,495.8,331.5,421.2,299.1,73.2,250.0,127.9,338.6,167.9,384.0,404.2,395.4,460.7,450.3,353.1,298.9,400.8,375.0,382.6,516.9,316.8,485.1,450.3,246.2,397.2,396.3,368.0,306.7,399.3,279.3,377.9,396.3,356.0,422.7,532.5,1984.5,157.3,74.6,230.2,356.1,300.5,426.7,282.1,477.5,270.5,282.7,301.1,346.3,353.8,343.9,308.1,85.9,372.8,291.0,373.6,434.2,419.1,440.1,123.7,54.5
GV,432.8,364.0,321.3,442.6,310.5,130.0,253.7,193.4,253.7,373.5,131.0,399.3,420.6,346.3,328.6,284.3,344.3,407.8,307.2,284.1,222.5,412.8,353.4,298.8,265.1,269.6,334.7,334.3,306.9,296.3,361.3,386.6,364.5,300.5,337.9,526.9,295.8,329.4,265.2,430.6,81.2,390.7,367.4,386.3,400.7,393.0,439.8,205.6,435.7,467.0,144.9,0.0,439.8,370.2,464.5,284.0,412.0,317.8,91.7,323.7,485.9,318.6,431.7,432.2,163.4,114.9,399.2,73.0,388.9,284.7,419.6,474.3,349.0,209.0,24.4,426.1,312.9,198.7,210.6,350.9,328.7,350.2,394.5,313.1,381.4,247.2,464.7,336.4,28.8,472.4,510.9,328.1,518.6,546.7,296.3,385.1,116.6,379.6,247.4,401.9,307.6,528.4,423.4,317.5,42.6,279.6,288.1,356.9,420.2,474.1,381.1,372.0,295.2,396.7,505.5,422.0,473.0,341.7,398.4,276.3,131.6,136.2,153.0,348.8,53.8,341.3,381.4,372.6,437.9,427.5,330.3,276.1,378.0,385.2,368.6,494.1,294.0,462.3,427.5,223.4,374.4,373.5,345.2,392.9,376.5,289.5,464.1,373.5,442.2,399.9,509.7,1994.7,243.5,99.7,316.4,333.3,327.5,436.9,292.3,454.7,356.7,368.9,278.3,323.5,364.0,354.1,285.3,68.9,350.0,268.2,383.8,411.4,401.7,417.3,31.1,173.8
GZ,631.3,111.4,656.4,329.3,204.7,395.4,225.2,380.0,452.2,128.2,345.9,597.8,123.8,544.8,309.5,482.8,146.4,282.1,505.7,195.1,242.8,611.3,171.7,316.9,600.2,245.3,315.6,134.4,282.6,237.4,140.2,585.1,640.8,262.8,318.8,319.3,630.9,527.9,600.3,587.6,395.7,589.2,218.1,649.6,131.6,195.1,82.8,286.2,254.4,665.5,502.7,467.0,0.0,170.2,256.9,482.5,610.5,304.2,424.1,299.4,278.3,517.1,154.9,630.7,484.9,362.0,597.7,403.9,83.4,231.7,618.1,672.8,167.3,352.0,460.6,305.7,648.0,341.7,362.8,634.3,527.2,229.8,268.8,242.0,600.2,445.7,663.2,534.9,448.1,670.9,303.3,526.6,717.1,269.9,631.4,283.1,424.0,106.6,406.9,600.4,642.7,251.6,310.1,516.0,478.8,179.4,170.5,295.6,226.7,266.5,604.4,227.1,493.7,595.2,322.5,224.1,343.4,540.2,223.3,252.0,466.7,404.4,520.7,547.3,423.1,317.0,204.8,197.5,161.1,261.2,138.4,251.8,233.1,583.7,567.1,286.5,269.7,336.6,307.1,256.7,230.1,128.2,224.8,731.7,178.6,488.0,650.7,128.2,665.7,85.1,232.9,2133.1,578.6,548.1,607.5,215.2,526.0,635.4,490.8,247.1,684.6,592.2,201.1,168.6,562.5,552.6,261.0,505.1,174.9,365.5,582.3,203.8,600.2,209.7,467.3,557.3
HA,560.3,168.8,585.4,312.9,112.9,324.4,133.4,265.4,381.2,102.6,274.9,526.8,181.2,473.8,217.7,411.8,139.8,265.7,434.7,157.3,199.7,540.3,173.3,281.3,529.2,209.7,223.8,110.3,247.0,145.6,96.4,514.1,569.8,171.0,227.0,302.9,559.9,456.9,529.3,516.6,324.7,518.2,219.7,578.6,189.0,188.5,140.2,287.8,238.0,594.5,431.7,396.0,140.2,0.0,240.5,411.5,539.5,268.6,353.1,263.8,261.9,446.1,212.3,559.7,413.9,291.0,526.7,332.9,140.8,139.9,547.1,601.8,168.9,281.0,389.6,299.3,577.0,270.7,282.6,563.3,456.2,223.4,252.4,150.2,529.2,374.7,592.2,463.9,377.1,599.9,286.9,455.6,646.1,327.3,560.4,191.3,353.0,53.5,319.4,529.4,571.7,309.0,293.7,445.0,407.8,136.9,145.4,260.0,196.2,250.1,533.4,220.5,422.7,524.2,306.1,217.5,327.0,469.2,216.7,216.4,395.7,333.4,522.3,476.3,352.1,281.4,206.4,190.9,218.5,244.8,106.3,216.2,226.5,512.7,496.1,270.1,234.1,320.2,300.7,164.9,231.7,102.6,218.4,660.7,172.0,417.0,579.7,102.6,594.7,100.3,290.3,2029.2,507.6,464.9,536.5,190.6,455.0,564.4,419.8,230.7,613.6,521.2,151.5,170.2,491.5,481.6,225.4,434.1,168.3,367.1,511.3,187.4,529.2,193.3,396.3,486.3
HB,589.8,157.4,614.9,91.4,232.8,353.9,183.6,303.4,410.7,267.2,304.4,582.2,214.0,503.3,361.7,441.3,315.6,138.8,464.2,153.5,244.6,569.8,171.4,302.9,558.7,318.4,343.8,155.4,316.9,259.6,261.0,543.6,599.3,290.9,369.5,62.3,589.4,486.4,558.8,546.7,354.2,547.7,132.0,608.1,194.1,364.3,258.0,209.6,61.3,624.0,461.2,425.5,281.6,240.2,0.0,441.0,569.0,321.9,382.6,330.4,129.6,475.6,226.1,589.2,443.4,320.5,556.2,362.4,182.3,208.1,576.6,657.2,167.0,350.9,419.1,107.9,606.5,340.6,286.2,592.8,485.7,122.8,122.0,264.2,558.7,404.2,621.7,493.4,406.6,629.4,46.3,485.1,675.6,281.1,589.9,305.3,382.5,235.3,330.3,558.9,601.2,262.8,72.2,474.5,437.3,250.9,257.7,370.0,130.0,77.6,562.9,343.3,452.2,553.7,65.5,393.3,86.4,498.7,369.7,336.3,425.2,362.9,444.1,505.8,381.6,351.3,146.0,343.9,231.3,68.1,159.4,311.9,349.3,542.2,525.6,87.1,354.0,156.7,109.3,215.1,116.0,267.2,157.1,690.2,347.8,446.5,609.2,267.2,624.2,263.9,244.1,2169.7,537.1,471.5,566.0,304.6,484.5,593.9,449.3,98.4,643.1,550.7,159.5,141.5,521.0,511.1,303.2,492.3,321.3,288.9,540.8,121.2,558.7,106.7,425.8,575.1
HH,147.7,375.7,240.4,454.3,322.2,229.9,265.4,205.1,110.0,385.2,180.4,162.5,432.3,103.0,325.3,133.8,356.0,419.5,128.8,295.8,234.2,127.7,365.1,310.5,289.6,281.3,331.4,346.0,318.6,293.0,373.0,163.6,219.3,312.2,334.6,538.6,280.7,106.4,289.7,166.1,230.2,149.1,379.1,272.7,412.4,404.7,451.5,217.3,447.4,244.0,262.9,301.5,451.5,381.9,476.2,0.0,189.0,329.5,258.6,332.1,497.6,75.3,443.4,188.9,245.1,196.5,114.1,238.4,400.6,296.4,134.5,208.5,360.7,220.7,260.4,437.8,285.2,210.4,222.3,212.8,111.2,361.9,402.7,324.8,178.7,195.8,179.6,158.0,282.6,187.3,522.6,64.8,233.5,558.4,268.6,363.7,258.5,391.3,259.1,158.6,226.7,540.1,435.1,32.4,262.1,291.3,298.1,331.6,431.9,485.8,187.5,383.7,116.8,111.6,517.0,433.7,484.7,98.4,410.1,288.0,226.9,238.9,372.5,131.3,257.6,353.0,393.1,384.3,449.6,439.2,342.0,287.8,389.7,141.9,190.2,505.8,305.7,474.0,439.2,235.1,386.1,385.2,356.9,310.2,388.2,111.1,167.1,385.2,203.1,411.6,521.4,1991.4,268.0,319.2,186.0,345.0,104.5,193.6,29.0,466.4,263.1,170.7,290.0,335.2,100.7,163.6,297.0,288.4,361.7,279.9,140.7,423.1,116.6,429.0,250.6,317.5
HK,148.1,504.8,161.1,583.4,451.3,359.0,394.5,334.2,239.1,514.3,309.5,196.7,561.4,239.5,454.4,262.9,485.1,548.6,257.9,424.9,363.3,85.0,494.2,439.6,228.3,410.4,460.5,475.1,447.7,422.1,502.1,65.0,169.9,441.3,463.7,667.7,219.4,82.5,228.4,181.7,359.3,183.3,508.2,309.9,541.5,533.8,580.6,346.4,576.5,54.9,364.1,430.6,580.6,511.0,605.3,146.5,0.0,458.6,387.7,464.5,626.7,213.0,572.5,281.1,346.3,325.6,148.3,367.5,529.7,425.5,47.9,208.9,489.8,349.8,389.5,566.9,217.1,339.5,351.4,86.1,248.9,491.0,535.3,453.9,54.5,324.9,145.6,287.1,411.7,153.3,651.7,116.9,199.5,687.5,207.3,492.8,387.6,520.4,388.2,217.2,147.4,669.2,564.2,132.6,391.2,420.4,428.9,460.7,561.0,614.9,143.5,512.8,245.9,86.8,646.3,562.8,613.8,236.1,539.2,417.1,356.0,368.0,492.1,269.0,386.7,482.1,522.2,513.4,578.7,568.3,471.1,416.9,518.8,279.6,319.3,634.9,434.8,603.1,568.3,364.2,515.2,514.3,486.0,200.4,517.3,240.2,55.6,514.3,55.1,540.7,650.5,2120.5,206.7,438.8,136.6,474.1,120.1,285.8,158.7,595.5,153.3,131.3,419.1,464.3,98.4,300.3,426.1,417.5,490.8,409.0,278.4,552.2,96.1,558.1,379.7,418.7
HN,471.6,200.0,496.7,342.5,139.9,235.7,197.3,176.7,292.5,209.5,186.2,438.1,256.6,385.1,126.2,323.1,180.3,307.7,346.0,184.0,83.1,451.6,233.3,111.8,440.5,40.0,108.3,170.3,63.4,131.8,197.3,425.4,481.1,118.5,134.0,362.9,471.2,368.2,440.6,427.9,236.0,429.5,267.3,489.9,236.7,229.0,275.8,129.5,298.0,505.8,343.0,307.3,275.8,251.2,300.5,322.8,450.8,0.0,264.4,80.2,321.9,357.4,267.7,471.0,325.2,202.3,438.0,244.2,224.9,203.8,458.4,513.1,228.9,192.3,300.9,326.0,488.3,182.0,193.9,474.6,367.5,250.1,294.4,131.1,440.5,286.0,503.5,375.2,288.4,511.2,346.9,366.9,557.4,382.7,471.7,220.6,264.3,246.3,230.7,440.7,483.0,364.4,323.3,356.3,319.1,115.6,124.1,118.2,256.2,310.1,444.7,208.0,334.0,435.5,366.1,258.0,387.0,380.5,234.4,74.6,307.0,244.7,421.3,387.6,263.4,97.8,266.4,208.6,273.9,304.8,166.3,33.5,214.0,424.0,407.4,330.1,92.3,362.2,327.4,123.3,274.3,209.5,245.1,572.0,212.5,328.3,491.0,209.5,506.0,235.9,345.7,2051.5,418.9,376.2,447.8,226.1,366.3,475.7,331.1,290.7,524.9,432.5,178.2,230.2,402.8,392.9,41.8,345.4,186.0,251.5,422.6,247.4,440.5,253.3,307.6,397.6
HO,431.2,321.1,362.2,399.7,267.6,53.4,210.8,150.5,252.1,330.6,88.1,397.7,377.7,344.7,302.3,282.7,301.4,364.9,305.6,241.2,179.6,411.2,310.5,255.9,306.0,226.7,296.8,291.4,264.0,263.4,318.4,385.0,405.4,257.6,311.6,484.0,336.7,327.8,306.1,387.5,38.3,389.1,324.5,427.2,357.8,350.1,396.9,162.7,392.8,465.4,185.8,71.7,396.9,327.3,421.6,282.4,410.4,274.9,0.0,280.8,443.0,317.0,388.8,430.6,204.3,72.0,397.6,30.1,346.0,241.8,418.0,472.7,306.1,166.1,65.3,383.2,353.8,155.8,167.7,391.8,327.1,307.3,351.6,270.2,422.3,245.6,463.1,334.8,52.8,470.8,468.0,326.5,517.0,503.8,337.2,309.1,24.8,336.7,204.5,400.3,348.5,485.5,380.5,315.9,83.5,236.7,245.2,277.0,377.3,431.2,422.0,329.1,293.6,395.1,462.6,379.1,430.1,340.1,355.5,233.4,172.5,44.4,193.9,347.2,27.8,298.4,338.5,329.7,395.0,384.6,287.4,233.2,335.1,383.6,367.0,451.2,251.1,419.4,384.6,180.5,331.5,330.6,302.3,433.8,333.6,287.9,450.6,330.6,483.1,357.0,466.8,2035.6,284.4,140.6,357.3,290.4,325.9,435.3,290.7,411.8,397.6,409.8,235.4,280.6,362.4,352.5,242.4,109.8,307.1,225.3,382.2,368.5,400.1,374.4,72.0,214.7
HX,493.2,221.6,518.3,364.1,161.5,257.3,218.9,198.3,314.1,231.1,205.5,439.5,278.2,406.7,122.9,344.7,201.9,329.3,367.6,205.6,104.7,473.2,254.9,72.1,462.1,61.6,105.0,191.9,18.0,128.5,216.6,447.0,502.7,140.1,130.7,384.5,490.5,389.8,462.2,449.5,257.6,451.1,288.9,511.5,256.0,250.6,297.4,137.3,319.6,527.4,364.6,328.9,297.4,272.8,322.1,344.4,472.4,86.6,286.0,0.0,343.5,376.7,289.3,492.6,346.8,221.6,459.6,265.8,244.2,225.4,480.0,514.5,250.5,213.9,322.5,347.6,509.9,203.6,215.5,496.2,389.1,271.7,312.5,152.7,462.1,307.6,525.1,396.8,310.0,532.8,368.5,386.2,579.0,404.3,494.5,217.3,285.9,267.9,252.3,462.3,504.6,386.0,344.9,377.9,340.8,137.2,144.0,128.9,275.5,331.7,470.9,229.6,353.3,457.1,379.2,279.6,408.6,402.1,256.0,96.2,328.6,264.0,426.8,409.2,285.0,17.6,288.0,230.2,295.5,324.1,187.9,55.1,235.6,445.6,426.7,351.7,113.9,383.8,349.0,144.9,295.9,231.1,266.7,593.6,234.1,349.9,512.6,231.1,527.6,257.5,367.3,2036.5,440.5,397.8,467.1,220.5,387.9,497.3,352.7,312.3,544.2,451.8,199.8,251.8,424.4,414.5,46.4,364.7,207.6,273.1,444.2,269.0,459.8,272.6,329.2,416.9
HY,640.7,123.8,665.8,167.0,211.3,404.8,230.6,345.8,461.6,233.6,355.3,607.2,180.4,554.2,298.1,492.2,282.0,187.1,515.1,200.5,252.2,620.7,177.1,326.3,609.6,254.7,304.2,121.8,292.0,226.0,227.4,594.5,650.2,269.4,307.4,157.0,640.3,537.3,609.7,597.0,405.1,598.6,198.3,659.0,160.5,330.7,224.4,285.2,156.0,674.9,512.1,476.4,248.0,206.6,94.6,491.9,619.9,313.6,433.5,308.8,0.0,526.5,191.5,640.1,494.3,371.4,607.1,413.3,148.7,238.3,627.5,682.2,172.7,361.4,470.0,183.5,657.4,351.1,361.8,643.7,536.6,189.1,173.8,248.6,609.6,455.1,672.6,544.3,457.5,680.3,141.0,536.0,726.5,248.7,640.8,271.7,433.4,201.7,405.9,609.8,652.1,230.4,147.8,525.4,488.2,217.3,225.8,305.0,97.6,171.5,613.8,309.7,503.1,604.6,160.2,359.7,181.1,549.6,336.1,261.4,476.1,413.8,519.7,556.7,432.5,326.4,212.3,310.3,197.7,162.8,125.8,261.2,315.7,593.1,576.5,124.2,279.1,241.6,184.9,262.1,182.3,233.6,223.4,741.1,314.2,497.4,660.1,233.6,675.1,230.3,211.7,2109.6,588.0,547.1,616.9,271.0,535.4,644.8,500.2,18.6,694.0,601.6,206.5,174.0,571.9,562.0,270.4,514.5,287.7,364.5,591.7,88.8,609.6,73.1,476.7,566.7
IE,215.9,422.1,268.8,500.7,368.6,276.3,311.8,251.5,156.4,431.6,226.8,80.6,478.7,27.6,371.7,180.2,402.4,465.9,175.2,342.2,280.6,195.9,411.5,356.9,318.0,327.7,377.8,392.4,365.0,339.4,419.4,192.0,247.7,358.6,381.0,585.0,309.1,134.8,318.1,194.5,276.6,90.1,425.5,319.1,458.8,451.1,497.9,263.7,493.8,272.4,309.3,347.9,497.9,428.3,522.6,67.1,217.4,375.9,305.0,378.5,544.0,0.0,489.8,131.6,291.5,242.9,137.2,284.8,447.0,342.8,202.7,155.6,407.1,267.1,306.8,484.2,313.6,256.8,268.7,241.2,73.9,408.3,449.1,371.2,207.1,242.2,247.8,204.4,329.0,255.5,569.0,93.2,301.7,604.8,297.0,410.1,304.9,437.7,305.5,101.3,255.1,586.5,481.5,100.6,308.5,337.7,344.5,378.0,478.3,532.2,211.3,430.1,163.2,179.8,563.4,480.1,531.1,79.8,456.5,334.4,273.3,285.3,418.9,94.0,304.0,399.4,439.5,430.7,496.0,485.6,388.4,334.2,436.1,84.6,236.6,552.2,352.1,520.4,485.6,281.5,432.5,431.6,403.3,338.6,434.6,157.5,235.3,431.6,272.6,458.0,567.8,2037.8,296.4,365.6,214.4,391.4,132.9,136.3,57.4,512.8,291.5,199.1,336.4,381.6,129.1,126.3,343.4,334.8,408.1,326.3,103.4,469.5,184.8,475.4,297.0,363.9
II,609.3,67.4,634.4,267.0,179.9,373.4,181.2,336.0,430.2,172.8,323.9,614.8,61.8,522.8,266.7,460.8,191.0,201.8,483.7,151.1,247.5,589.3,127.7,335.5,578.2,223.3,272.8,90.4,260.6,194.6,184.8,563.1,618.8,238.0,276.0,262.4,608.9,505.9,578.3,565.6,373.7,567.2,174.1,627.6,87.6,239.7,123.8,242.2,174.1,643.5,480.7,445.0,147.4,175.2,194.6,460.5,588.5,282.2,402.1,277.4,216.0,495.1,0.0,608.7,462.9,340.0,575.7,381.9,48.1,205.7,596.1,689.8,123.3,330.0,438.6,249.8,626.0,319.7,318.8,612.3,505.2,185.8,188.5,217.2,578.2,423.7,641.2,512.9,426.1,648.9,246.4,504.6,695.1,121.8,609.4,240.3,402.0,151.2,362.9,578.4,620.7,103.5,247.8,494.0,456.8,185.9,194.4,273.6,78.6,186.2,582.4,271.7,471.7,573.2,245.6,268.7,266.5,518.2,267.9,230.0,444.7,382.4,476.7,525.3,401.1,295.0,160.8,242.1,49.1,180.9,94.4,229.8,277.7,561.7,545.1,224.2,247.7,256.3,239.5,212.7,197.0,172.8,180.8,709.7,223.2,466.0,628.7,172.8,643.7,129.7,84.8,2078.2,556.6,504.1,585.5,239.6,504.0,613.4,468.8,184.8,662.6,570.2,157.1,124.6,540.5,530.6,239.0,524.9,219.5,321.5,560.3,88.5,578.2,147.4,445.3,535.3
IM,217.3,506.5,353.2,585.1,453.0,360.7,396.2,335.9,240.8,516.0,311.2,128.3,563.1,150.1,456.1,264.6,486.8,550.3,259.6,426.6,365.0,264.5,495.9,441.3,402.4,412.1,462.2,476.8,449.4,423.8,503.8,276.4,332.1,443.0,465.4,669.4,393.5,219.2,402.5,278.9,361.0,89.4,509.9,403.5,543.2,535.5,582.3,348.1,578.2,356.8,393.7,432.3,582.3,512.7,607.0,151.5,301.8,460.3,389.4,466.2,628.4,122.4,574.2,0.0,375.9,327.3,136.5,369.2,531.4,427.2,287.1,180.4,491.5,351.5,391.2,568.6,340.1,341.2,353.1,325.6,140.3,492.7,537.0,455.6,291.5,326.6,249.2,288.8,413.4,256.9,653.4,177.6,303.1,689.2,356.7,494.5,389.3,522.1,389.9,100.6,339.5,670.9,565.9,185.0,392.9,422.1,430.6,462.4,562.7,616.6,295.7,514.5,247.6,264.2,648.0,564.5,615.5,164.2,540.9,418.8,357.7,369.7,503.3,160.4,388.4,483.8,523.9,515.1,580.4,570.0,472.8,418.6,520.5,137.3,321.0,636.6,436.5,604.8,570.0,365.9,516.9,516.0,487.7,407.6,519.0,241.9,234.4,516.0,269.9,542.4,652.2,2122.2,380.8,450.0,298.8,475.8,217.3,4.7,141.8,597.2,375.9,283.5,420.8,466.0,213.5,192.7,427.8,419.2,492.5,410.7,169.8,553.9,269.2,559.8,381.4,448.3
IO,407.1,368.3,216.6,446.9,314.8,222.5,258.0,197.7,225.0,377.8,173.0,370.6,424.9,317.6,299.9,255.6,348.6,412.1,278.5,288.4,226.8,389.5,357.7,347.4,160.4,273.9,306.0,338.6,331.1,267.6,365.6,338.6,259.8,304.8,309.2,531.2,191.1,329.6,160.5,325.9,181.3,362.0,371.7,281.6,405.0,397.3,444.1,209.9,440.0,396.3,17.7,150.9,444.1,374.5,468.8,255.3,341.3,322.1,191.8,347.9,490.2,289.9,436.0,403.5,0.0,189.1,370.5,173.1,393.2,289.0,389.3,445.6,353.3,213.3,116.4,430.4,208.2,203.0,214.9,246.2,300.0,354.5,398.8,317.4,276.7,218.5,404.6,307.7,128.9,412.3,515.2,299.4,458.5,551.0,191.6,356.4,216.7,383.9,251.7,373.2,202.9,532.7,427.7,288.8,118.1,283.9,292.4,328.2,424.5,478.4,276.4,376.3,266.5,368.0,509.8,426.3,477.3,313.0,402.7,280.6,54.7,231.5,145.7,320.1,153.9,365.5,385.7,376.9,442.2,431.8,334.6,280.4,382.3,356.5,364.1,498.4,298.3,466.6,431.8,227.7,378.7,377.8,349.5,288.2,380.8,260.8,359.4,377.8,337.5,404.2,514.0,1966.0,138.8,92.4,211.7,337.6,282.0,408.2,263.6,459.0,252.0,264.2,282.6,327.8,335.3,325.4,289.6,103.7,354.3,272.5,355.1,415.7,400.6,421.6,106.6,72.3
IW,359.1,249.0,395.4,327.6,195.5,33.3,138.7,78.4,180.0,258.5,16.1,325.6,305.6,272.6,230.2,210.6,229.3,292.8,233.5,169.1,107.5,339.1,238.4,183.8,339.2,154.6,224.7,219.3,191.9,191.3,246.3,312.9,368.6,185.5,239.5,411.9,369.9,255.7,339.3,315.4,33.6,317.0,252.4,377.4,285.7,278.0,324.8,90.6,320.7,393.3,219.0,104.9,324.8,255.2,349.5,210.3,338.3,202.8,62.0,208.7,370.9,244.9,316.7,358.5,237.5,0.0,325.5,41.8,273.9,169.7,345.9,400.6,234.0,94.0,98.5,311.1,387.0,83.7,95.6,362.1,255.0,235.2,276.0,198.1,328.0,173.5,391.0,262.7,86.0,398.7,395.9,254.4,444.9,431.7,370.4,237.0,61.9,264.6,132.4,328.2,381.7,413.4,308.4,243.8,116.8,164.6,171.4,204.9,305.2,359.1,336.8,257.0,221.5,323.0,390.3,307.0,358.0,268.0,283.4,161.3,205.7,42.3,227.1,275.1,61.0,226.3,266.4,257.6,322.9,312.5,215.3,161.1,263.0,311.5,294.9,379.1,179.0,347.3,312.5,108.4,259.4,258.5,230.2,467.0,261.5,215.8,378.5,258.5,393.5,284.9,394.7,1939.0,317.6,173.8,390.5,218.3,253.8,363.2,218.6,339.7,430.8,320.0,163.3,208.5,290.3,280.4,170.3,143.0,235.0,153.2,310.1,296.4,328.0,302.3,105.2,247.9
JC,80.7,500.0,301.7,578.6,446.5,354.2,389.7,329.4,234.3,509.5,304.7,48.3,556.6,91.1,449.6,258.1,480.3,543.8,253.1,420.1,358.5,127.9,489.4,434.8,265.2,405.6,455.7,470.3,468.6,417.3,497.3,228.6,333.5,436.5,458.9,662.9,296.9,241.0,259.8,300.7,354.5,34.9,503.4,397.0,536.7,529.0,575.8,341.6,571.7,201.8,387.2,425.8,575.8,506.2,600.5,123.2,163.5,453.8,382.9,500.9,621.9,118.4,567.7,132.7,369.4,320.8,0.0,362.7,524.9,420.7,190.3,100.4,485.0,345.0,384.7,562.1,203.5,334.7,346.6,249.7,162.1,486.2,530.5,449.1,218.1,320.1,112.6,282.3,406.9,120.3,646.9,199.4,166.5,682.7,220.1,488.0,382.8,515.6,383.4,68.8,288.0,664.4,559.4,91.8,386.4,415.6,424.1,455.9,556.2,610.1,307.1,508.0,241.1,139.5,641.5,558.0,609.0,186.0,534.4,412.3,351.2,363.2,496.8,182.2,381.9,518.5,517.4,508.6,573.9,563.5,466.3,412.1,514.0,159.1,314.5,630.1,430.0,598.3,563.5,359.4,510.4,509.5,481.2,271.0,512.5,235.4,97.8,509.5,133.3,535.9,645.7,2115.7,276.8,443.5,300.2,469.3,239.1,137.4,163.6,590.7,234.8,294.9,414.3,459.5,235.3,151.9,421.3,412.7,486.0,404.2,191.6,547.4,139.0,553.3,374.9,441.8
JH,401.0,290.9,353.5,369.5,237.4,56.9,180.6,120.3,221.9,300.4,57.9,367.5,347.5,314.5,272.1,252.5,271.2,334.7,275.4,211.0,149.4,381.0,280.3,225.7,297.3,196.5,266.6,261.2,233.8,233.2,288.2,354.8,396.7,227.4,281.4,453.8,328.0,297.6,297.4,357.3,8.1,358.9,294.3,418.5,327.6,319.9,366.7,132.5,362.6,435.2,177.1,63.0,366.7,297.1,391.4,252.2,380.2,244.7,20.1,250.6,412.8,286.8,358.6,400.4,195.6,41.8,367.4,0.0,315.8,211.6,387.8,442.5,275.9,135.9,56.6,353.0,345.1,125.6,137.5,383.1,296.9,277.1,321.4,240.0,369.9,215.4,432.9,304.6,44.1,440.6,437.8,296.3,486.8,473.6,328.5,278.9,45.0,306.5,174.3,370.1,339.8,455.3,350.3,285.7,74.8,206.5,215.0,246.8,347.1,401.0,413.3,298.9,263.4,364.9,432.4,348.9,399.9,309.9,325.3,203.2,163.8,64.6,185.2,317.0,19.1,268.2,308.3,299.5,364.8,354.4,257.2,203.0,304.9,353.4,336.8,421.0,220.9,389.2,354.4,150.3,301.3,300.4,272.1,425.1,303.4,257.7,420.4,300.4,435.4,326.8,436.6,1980.9,275.7,131.9,348.6,260.2,295.7,405.1,260.5,381.6,388.9,401.1,205.2,250.4,332.2,322.3,212.2,101.1,276.9,195.1,352.0,338.3,369.9,344.2,63.3,206.0
JI,569.8,27.9,594.9,245.8,140.4,333.9,141.7,296.5,390.7,124.6,284.4,575.3,40.3,483.3,227.2,421.3,142.8,198.6,444.2,111.6,208.0,549.8,88.2,296.0,538.7,183.8,233.3,50.9,221.1,155.1,136.6,523.6,579.3,198.5,236.5,235.8,569.4,466.4,538.8,526.7,334.2,527.7,134.6,588.1,48.1,191.5,75.6,202.7,170.9,604.0,441.2,405.5,99.2,135.7,173.4,421.0,549.0,242.7,362.6,234.6,194.8,455.6,71.4,569.2,423.4,300.5,536.2,342.4,0.0,166.2,556.6,650.3,83.8,290.5,399.1,222.2,586.5,280.2,279.3,572.8,465.7,146.3,185.3,177.7,538.7,384.2,601.7,473.4,386.6,609.4,219.8,465.1,655.6,186.4,569.9,200.8,362.5,103.0,323.4,538.9,581.2,168.1,226.6,454.5,417.3,146.4,153.2,234.1,143.2,183.0,547.5,223.5,432.2,533.7,230.5,220.5,259.9,478.7,219.7,190.5,405.2,342.9,437.2,485.8,361.6,255.5,121.3,193.9,77.6,177.7,54.9,190.3,229.5,522.2,505.6,210.9,208.2,253.1,223.6,173.2,146.6,124.6,141.3,670.2,175.0,426.5,589.2,124.6,604.2,81.5,149.4,2038.7,517.1,464.6,546.0,200.1,464.5,573.9,429.3,163.6,623.1,530.7,117.6,85.1,501.0,491.1,199.5,485.4,171.3,282.0,520.8,120.3,538.7,126.2,405.8,495.8
JN,474.6,136.5,499.7,201.5,70.3,238.7,39.1,179.7,295.5,151.7,189.2,441.1,193.1,388.1,242.7,326.1,206.1,166.7,349.0,43.0,105.4,454.6,112.3,238.7,443.5,167.1,249.3,106.8,204.4,162.1,145.5,428.4,484.1,128.4,252.0,299.4,474.2,371.2,443.6,430.9,239.0,432.5,126.3,492.9,173.2,254.8,206.5,183.5,194.6,508.8,346.0,310.3,206.5,124.7,237.0,325.8,453.8,226.0,267.4,217.9,258.4,360.4,204.2,474.0,328.2,205.3,441.0,247.2,161.4,0.0,461.4,516.1,107.9,195.3,303.9,185.0,491.3,185.0,196.9,477.6,370.5,109.1,153.4,107.6,443.5,289.0,506.5,378.2,291.4,514.2,283.4,369.9,560.4,319.2,474.7,207.8,267.3,119.8,233.7,443.7,486.0,300.9,182.3,359.3,322.1,153.4,160.2,217.4,192.7,218.1,452.3,245.8,337.0,438.5,264.4,283.8,231.9,383.5,283.0,173.8,310.0,247.7,418.0,390.6,266.4,238.8,140.3,257.2,210.4,186.4,102.8,173.6,251.8,427.0,410.4,266.6,191.5,221.2,186.4,70.6,133.3,151.7,104.1,575.0,238.3,331.3,494.0,151.7,509.0,166.6,282.2,2045.7,421.9,379.2,450.8,207.1,369.3,478.7,334.1,227.2,527.9,435.5,37.2,82.4,405.8,395.9,182.8,348.4,234.6,262.8,425.6,183.9,443.5,189.8,310.6,400.6
JP,167.8,475.3,221.1,553.9,421.8,329.5,365.0,304.7,209.6,484.8,280.0,216.4,531.9,202.6,424.9,233.4,455.6,519.1,228.4,395.4,333.8,99.3,464.7,410.1,288.3,380.9,431.0,445.6,418.2,392.6,472.6,125.0,229.9,411.8,434.2,638.2,279.4,142.5,288.4,241.7,329.8,203.0,478.7,372.3,512.0,504.3,551.1,316.9,547.0,98.2,362.5,401.1,551.1,481.5,575.8,98.5,59.9,429.1,358.2,435.0,597.2,174.9,543.0,300.8,344.7,296.1,168.0,338.0,500.2,396.0,0.0,228.6,460.3,320.3,360.0,537.4,224.0,310.0,321.9,146.1,210.8,461.5,505.8,424.4,114.5,295.4,165.3,257.6,382.2,173.0,622.2,164.4,219.2,658.0,267.3,463.3,358.1,490.9,358.7,236.9,207.4,639.7,534.7,84.6,361.7,390.9,399.4,431.2,531.5,585.4,203.5,483.3,216.4,42.7,616.8,533.3,584.3,198.0,509.7,387.6,326.5,338.5,472.1,230.9,357.2,452.6,492.7,483.9,549.2,538.8,441.6,387.4,489.3,241.5,289.8,605.4,405.3,573.6,538.8,334.7,485.7,484.8,456.5,260.4,487.8,210.7,75.3,484.8,74.8,511.2,621.0,2091.0,266.7,418.8,196.6,444.6,180.1,305.5,128.6,566.0,213.3,191.3,389.6,434.8,158.4,263.2,396.6,388.0,461.3,379.5,240.3,522.7,88.2,528.6,350.2,417.1
JU,71.8,575.3,377.9,653.9,521.8,429.5,465.0,404.7,309.6,584.8,380.0,83.0,631.9,125.8,524.9,333.4,555.6,619.1,328.4,495.4,433.8,204.1,564.7,555.2,341.4,480.9,531.0,545.6,503.3,492.6,572.6,304.8,409.7,511.8,534.2,738.2,373.1,288.0,336.0,347.7,429.8,90.6,578.7,463.6,612.0,604.3,651.1,416.9,647.0,278.0,462.5,501.1,651.1,581.5,675.8,215.5,239.7,567.4,458.2,535.6,697.2,153.1,643.0,188.4,444.7,396.1,92.2,438.0,600.2,496.0,267.4,0.0,560.3,420.3,460.0,637.4,279.7,410.0,421.9,325.9,217.8,561.5,605.8,524.4,294.3,395.4,188.8,357.6,482.2,196.5,722.2,246.4,242.7,758.0,296.3,563.3,458.1,590.9,458.7,124.5,364.2,739.7,634.7,184.1,461.7,490.9,499.4,531.2,631.5,685.4,364.5,583.3,316.4,231.8,716.8,633.3,684.3,233.0,609.7,487.6,426.5,438.5,572.1,220.1,457.2,553.2,592.7,583.9,649.2,638.8,541.6,535.9,589.3,214.8,389.8,705.4,505.3,673.6,638.8,434.7,585.7,584.8,556.5,347.2,587.8,310.7,174.0,584.8,209.5,611.2,721.0,2145.2,353.0,518.8,376.4,544.6,286.1,193.1,210.6,666.0,311.0,352.3,489.6,534.8,282.3,186.6,527.2,488.0,561.3,479.5,234.4,622.7,215.2,628.6,450.2,517.1
JV,530.4,48.9,555.5,181.5,144.1,294.5,94.9,249.7,351.3,176.7,245.0,528.5,105.5,443.9,241.2,381.9,216.7,146.7,404.8,64.8,161.2,510.4,4.4,249.2,499.3,240.9,290.1,64.9,263.2,169.1,170.5,484.2,539.9,202.2,250.5,229.8,530.0,427.0,499.4,486.7,294.8,488.3,50.7,548.7,85.6,265.4,149.5,155.9,164.9,564.6,401.8,366.1,173.1,149.7,167.4,381.6,509.6,268.2,323.2,280.0,188.8,416.2,116.6,529.8,384.0,261.1,496.8,303.0,73.8,119.4,517.2,603.5,0.0,251.1,359.7,165.0,547.1,240.8,232.5,533.4,426.3,89.1,133.4,175.5,499.3,344.8,562.3,434.0,347.2,570.0,213.8,425.7,616.2,231.6,530.5,214.8,323.1,144.8,276.6,499.5,541.8,213.3,162.3,415.1,377.9,160.4,168.9,291.2,123.1,177.0,503.5,252.8,392.8,494.3,233.0,294.4,211.9,439.3,279.2,247.6,365.8,303.5,390.4,446.4,322.2,297.6,37.4,253.4,122.8,171.7,68.9,247.4,258.8,482.8,466.2,197.0,265.3,201.2,166.4,126.4,62.7,176.7,89.7,630.8,248.9,387.1,549.8,176.7,564.8,155.4,194.6,2052.7,477.7,417.8,506.6,214.1,425.1,534.5,389.9,157.6,583.7,491.3,70.8,38.3,461.6,451.7,249.5,438.6,230.8,235.2,481.4,114.3,499.3,120.2,366.4,456.4
JW,402.2,257.9,427.3,336.5,204.4,166.3,147.6,39.9,223.1,267.4,116.8,368.7,314.5,315.7,239.1,253.7,238.2,301.7,276.6,178.0,116.4,382.2,247.3,192.7,371.1,163.5,233.6,228.2,200.8,200.2,255.2,356.0,411.7,194.4,248.4,420.8,401.8,298.8,371.2,358.5,166.6,360.1,261.3,420.5,294.6,286.9,333.7,99.5,329.6,436.4,273.6,237.9,333.7,264.1,358.4,253.4,381.4,211.7,195.0,217.6,379.8,288.0,325.6,401.6,255.8,132.9,368.6,174.8,282.8,178.6,389.0,443.7,242.9,0.0,231.5,320.0,418.9,11.5,57.1,405.2,298.1,244.1,288.4,207.0,371.1,216.6,434.1,305.8,219.0,441.8,404.8,297.5,488.0,440.6,402.3,245.9,194.9,273.5,93.9,371.3,413.6,422.3,317.3,286.9,249.7,173.5,182.0,213.8,314.1,368.0,375.3,265.9,264.6,366.1,399.4,315.9,366.9,311.1,292.3,170.2,237.6,175.3,344.1,318.2,194.0,235.2,275.3,266.5,331.8,321.4,224.2,170.0,271.9,354.6,338.0,388.0,187.9,356.2,321.4,117.3,268.3,267.4,239.1,502.6,270.4,258.9,421.6,267.4,436.6,293.8,403.6,1982.1,349.5,371.5,378.4,227.2,296.9,406.3,261.7,348.6,455.5,363.1,172.2,217.4,333.4,323.5,179.2,276.0,243.9,114.7,353.2,305.3,371.1,311.2,238.2,328.2
JY,408.3,347.6,296.8,426.2,294.1,113.6,237.3,177.0,229.2,357.1,114.6,374.8,404.2,321.8,304.1,259.8,327.9,391.4,282.7,267.7,206.1,388.3,337.0,282.4,240.6,253.2,310.2,317.9,335.3,271.8,344.9,362.1,340.0,284.1,313.4,510.5,271.3,304.9,240.7,406.1,64.8,366.2,351.0,361.8,384.3,376.6,423.4,189.2,419.3,442.5,120.4,34.4,423.4,353.8,448.1,259.5,387.5,301.4,75.3,352.1,469.5,294.1,415.3,407.7,138.9,98.5,374.7,56.6,372.5,268.3,395.1,449.8,332.6,192.6,0.0,409.7,288.4,182.3,194.2,326.4,304.2,333.8,378.1,296.7,356.9,222.7,440.2,311.9,12.4,447.9,494.5,303.6,494.1,530.3,271.8,360.6,100.2,363.2,231.0,377.4,283.1,512.0,407.0,293.0,18.1,263.2,271.7,332.4,403.8,457.7,356.6,355.6,270.7,372.2,489.1,405.6,456.6,317.2,382.0,259.9,107.1,119.8,128.5,324.3,37.4,369.7,365.0,356.2,421.5,411.1,313.9,259.7,361.6,360.7,344.1,477.7,277.6,445.9,411.1,207.0,358.0,357.1,328.8,368.4,360.1,265.0,439.6,357.1,417.7,383.5,493.3,1970.2,219.0,75.2,291.9,316.9,303.0,412.4,267.8,438.3,332.2,344.4,261.9,307.1,339.5,329.6,268.9,44.4,333.6,251.8,359.3,395.0,377.2,400.9,6.6,149.3
KK,597.2,201.7,622.3,109.4,237.8,361.3,188.6,310.8,418.1,311.5,311.8,589.6,258.3,510.7,369.1,448.7,373.8,46.3,471.6,158.5,252.0,577.2,176.4,310.3,566.1,325.8,351.2,199.7,324.3,303.9,305.3,551.0,606.7,295.9,376.9,190.9,596.8,493.8,566.2,553.5,361.6,555.1,137.0,615.5,238.4,422.5,302.3,217.0,115.1,631.4,468.6,432.9,325.9,284.5,128.5,448.4,576.4,329.3,390.0,341.1,219.1,483.0,253.6,596.6,450.8,327.9,563.6,369.8,226.6,213.1,584.0,664.6,172.0,358.3,426.5,0.0,613.9,348.0,293.6,600.2,493.1,127.8,98.5,269.2,566.1,411.6,629.1,500.8,414.0,636.8,174.9,492.5,683.0,308.6,597.3,349.6,389.9,279.6,337.7,566.3,608.6,290.3,90.2,481.9,444.7,309.1,317.6,377.4,157.5,169.3,570.3,401.5,459.6,561.1,172.3,451.5,139.8,506.1,427.9,305.8,432.6,370.3,451.5,513.2,389.0,358.7,151.0,402.1,275.6,106.9,203.7,319.3,407.5,549.6,533.0,176.6,323.5,82.1,34.7,220.1,121.0,311.5,190.8,697.6,406.0,453.9,616.6,311.5,631.6,308.2,271.6,2177.1,544.5,478.9,573.4,362.8,491.9,601.3,456.7,187.9,650.5,558.1,164.5,146.5,528.4,518.5,310.6,499.7,379.5,296.3,548.2,148.7,566.1,172.6,433.2,582.5
KW,198.8,556.0,110.6,634.6,502.5,410.2,445.7,385.4,328.9,565.5,360.7,247.4,612.6,290.2,487.6,352.7,536.3,599.8,347.7,476.1,414.5,181.2,545.4,535.1,61.6,461.6,493.7,526.3,518.8,455.3,553.3,216.0,162.0,492.5,496.9,718.9,93.3,233.5,78.6,228.7,369.0,234.0,559.4,183.8,592.7,585.0,631.8,397.6,627.7,211.2,230.6,338.6,631.8,562.2,656.5,255.1,172.9,509.8,379.5,535.6,677.9,317.5,623.7,331.8,212.8,376.8,199.0,360.8,580.9,476.7,200.6,259.6,541.0,401.0,304.1,618.1,0.0,390.7,402.6,119.7,361.2,542.2,586.5,505.1,150.2,414.7,196.3,298.5,316.6,204.0,702.9,267.9,250.2,738.7,16.6,544.1,404.4,571.6,439.4,267.9,96.9,720.4,615.4,223.7,305.8,471.6,480.1,515.9,612.2,666.1,178.6,564.0,335.7,227.8,697.5,614.0,665.0,354.6,590.4,468.3,242.4,419.2,358.6,381.3,341.6,553.2,573.4,564.6,629.9,619.5,522.3,468.1,570.0,358.2,266.3,686.1,486.0,654.3,619.5,415.4,566.4,565.5,537.2,79.9,568.5,330.0,151.1,565.5,129.2,591.9,701.7,2153.7,73.2,305.3,113.9,525.3,184.2,336.5,285.2,646.7,43.7,166.4,470.3,515.5,249.4,351.0,477.3,316.6,542.0,460.2,390.7,603.4,192.3,609.3,294.3,285.2
KY,390.7,246.4,415.8,325.0,192.9,154.8,136.1,28.4,211.6,255.9,105.3,357.2,303.0,304.2,227.6,242.2,226.7,290.2,265.1,166.5,104.9,370.7,235.8,181.2,359.6,152.0,222.1,216.7,189.3,188.7,243.7,344.5,400.2,182.9,236.9,409.3,390.3,287.3,359.7,347.0,155.1,348.6,249.8,409.0,283.1,275.4,322.2,88.0,318.1,424.9,262.1,226.4,322.2,252.6,346.9,241.9,369.9,200.2,183.5,206.1,368.3,276.5,314.1,390.1,244.3,121.4,357.1,163.3,271.3,167.1,377.5,432.2,231.4,10.3,220.0,308.5,407.4,0.0,45.6,393.7,286.6,232.6,276.9,195.5,359.6,205.1,422.6,294.3,207.5,430.3,393.3,286.0,476.5,429.1,390.8,234.4,183.4,262.0,82.4,359.8,402.1,410.8,305.8,275.4,238.2,162.0,170.5,202.3,302.6,356.5,363.8,254.4,253.1,354.6,387.9,304.4,355.4,299.6,280.8,158.7,226.1,163.8,332.6,306.7,182.5,223.7,263.8,255.0,320.3,309.9,212.7,158.5,260.4,343.1,326.5,376.5,176.4,344.7,309.9,105.8,256.8,255.9,227.6,491.1,258.9,247.4,410.1,255.9,425.1,282.3,392.1,1970.6,338.0,360.0,366.9,215.7,285.4,394.8,250.2,337.1,444.0,351.6,160.7,205.9,321.9,312.0,167.7,264.5,232.4,103.2,341.7,293.8,359.6,299.7,226.7,316.7
LA,391.3,247.0,416.4,325.6,193.5,155.4,136.7,17.1,212.2,256.5,105.9,357.8,303.6,304.8,228.2,242.8,227.3,290.8,265.7,167.1,105.5,371.3,236.4,181.8,360.2,152.6,222.7,217.3,189.9,189.3,244.3,345.1,400.8,183.5,237.5,409.9,390.9,287.9,360.3,347.6,155.7,349.2,250.4,409.6,283.7,276.0,322.8,88.6,318.7,425.5,262.7,227.0,322.8,253.2,347.5,242.5,370.5,200.8,184.1,206.7,368.9,277.1,314.7,390.7,244.9,122.0,357.7,163.9,271.9,167.7,378.1,432.8,232.0,64.6,220.6,309.1,408.0,54.3,0.0,394.3,287.2,233.2,277.5,196.1,360.2,205.7,423.2,294.9,208.1,430.9,393.9,286.6,477.1,429.7,391.4,235.0,184.0,262.6,36.7,360.4,402.7,411.4,306.4,276.0,238.8,162.6,171.1,202.9,303.2,357.1,364.4,255.0,253.7,355.2,388.5,305.0,356.0,300.2,281.4,159.3,226.7,164.4,286.9,307.3,183.1,224.3,264.4,255.6,320.9,310.5,213.3,159.1,261.0,343.7,327.1,377.1,177.0,345.3,310.5,106.4,257.4,256.5,228.2,491.7,259.5,248.0,410.7,256.5,425.7,282.9,392.7,1971.2,338.6,314.3,367.5,216.3,286.0,395.4,250.8,337.7,444.6,352.2,161.3,206.5,322.5,312.6,168.3,335.1,233.0,57.5,342.3,294.4,360.2,300.3,227.3,417.9
LG,243.2,517.9,74.9,596.5,464.4,372.1,407.6,347.3,252.2,527.4,322.6,291.8,574.5,271.9,467.5,276.0,498.2,561.7,271.0,438.0,376.4,180.1,507.3,452.7,142.1,423.5,473.6,488.2,460.8,435.2,515.2,96.2,128.3,454.4,476.8,680.8,133.2,113.7,142.2,152.0,372.4,278.4,521.3,223.7,554.6,546.9,593.7,359.5,589.6,150.0,277.9,385.9,593.7,524.1,618.4,241.6,95.0,471.7,400.8,477.6,639.8,244.2,585.6,357.8,260.1,338.7,243.4,380.6,542.8,438.6,143.0,304.0,502.9,362.9,351.4,580.0,130.9,352.6,364.5,0.0,280.1,504.1,548.4,467.0,30.4,338.0,240.7,300.2,363.9,248.4,664.8,148.1,294.6,700.6,121.1,505.9,400.7,533.5,401.3,312.3,61.2,682.3,577.3,227.7,353.1,433.5,442.0,473.8,574.1,628.0,101.9,525.9,259.0,181.9,659.4,575.9,626.9,267.3,552.3,430.2,289.7,381.1,405.9,300.2,399.8,495.2,535.3,526.5,591.8,581.4,484.2,430.0,531.9,310.8,306.2,648.0,447.9,616.2,581.4,377.3,528.3,527.4,499.1,114.2,530.4,253.3,150.7,527.4,150.2,553.8,663.6,2133.6,120.5,352.6,95.0,487.2,107.5,362.5,189.9,608.6,67.1,89.7,432.2,477.4,129.6,290.8,439.2,363.9,503.9,422.1,309.6,565.3,191.2,571.2,341.6,332.5
LI,234.6,421.5,283.7,500.1,368.0,275.7,311.2,250.9,155.8,431.0,226.2,145.6,478.1,80.3,371.1,179.6,401.8,465.3,174.6,341.6,280.0,230.5,410.9,356.3,332.9,327.1,377.2,391.8,364.4,338.8,418.8,206.9,262.6,358.0,380.4,584.4,324.0,149.7,333.0,209.4,276.0,106.7,424.9,318.5,458.2,450.5,497.3,263.1,493.2,287.3,308.7,347.3,497.3,427.7,522.0,101.7,232.3,375.3,304.4,381.2,543.4,52.6,489.2,148.2,290.9,242.3,153.8,284.2,446.4,342.2,237.3,197.7,406.5,266.5,306.2,483.6,328.5,256.2,268.1,256.1,0.0,407.7,452.0,370.6,222.0,241.6,266.5,203.8,328.4,274.2,568.4,127.8,320.4,604.2,311.9,409.5,304.3,437.1,304.9,117.9,270.0,585.9,480.9,135.2,307.9,337.1,345.6,377.4,477.7,531.6,226.2,429.5,162.6,214.4,563.0,479.5,530.5,114.4,455.9,333.8,272.7,284.7,418.3,20.0,303.4,398.8,438.9,430.1,495.4,485.0,387.8,333.6,435.5,101.2,236.0,551.6,351.5,519.8,485.0,280.9,431.9,431.0,402.7,353.5,434.0,156.9,251.7,431.0,287.5,457.4,567.2,2037.2,311.3,365.0,229.3,390.8,147.8,152.9,92.0,512.2,306.4,214.0,335.8,381.0,163.7,52.3,342.8,334.2,407.5,325.7,63.2,468.9,219.4,474.8,296.4,363.3
LL,541.1,120.9,566.2,117.2,154.8,305.2,105.6,302.4,362.0,236.2,255.7,507.6,177.5,454.6,327.2,392.6,290.6,82.4,415.5,75.5,171.9,521.1,93.4,301.9,510.0,251.6,342.8,136.9,288.9,241.1,230.0,494.9,550.6,212.9,336.5,205.2,540.7,437.7,510.1,497.4,305.5,499.0,54.0,559.4,157.6,339.3,221.5,208.6,110.3,575.3,412.5,376.8,245.1,209.2,136.3,392.3,520.3,320.9,333.9,305.7,205.7,426.9,188.6,540.5,394.7,271.8,507.5,313.7,145.8,130.1,527.9,582.6,89.0,261.8,370.4,100.7,557.8,251.5,285.2,544.1,437.0,0.0,69.1,186.2,510.0,355.5,573.0,444.7,357.9,580.7,189.2,436.4,626.9,273.1,541.2,286.8,333.8,204.3,329.3,510.2,552.5,254.8,98.0,425.8,388.6,229.0,237.5,301.9,122.0,133.8,514.2,321.4,403.5,505.0,180.1,368.3,147.6,450.0,347.8,258.3,376.5,314.2,443.1,457.1,332.9,323.3,68.0,322.0,194.8,102.1,140.9,258.1,327.4,493.5,476.9,184.4,276.0,136.9,102.1,137.1,49.0,236.2,34.2,641.5,322.8,397.8,560.5,236.2,575.5,227.4,236.1,2121.0,488.4,470.5,517.3,282.7,435.8,545.2,400.6,174.5,594.4,502.0,81.5,63.5,472.3,462.4,267.3,414.9,299.4,287.9,492.1,113.2,510.0,137.1,377.1,467.1
LN,558.5,162.0,583.6,131.0,210.2,322.6,161.0,272.1,379.4,271.8,273.1,550.9,218.6,472.0,330.4,410.0,331.6,52.1,432.9,130.9,213.3,538.5,148.8,268.1,527.4,287.1,312.5,160.0,285.6,264.2,265.6,512.3,568.0,268.3,338.2,205.8,554.6,455.1,527.5,511.3,322.9,516.4,109.4,576.8,195.2,383.8,262.6,178.3,117.5,592.7,429.9,394.2,286.2,244.8,169.6,409.7,537.7,290.6,351.3,299.1,201.5,440.8,213.9,557.9,412.1,289.2,524.9,331.1,186.9,185.5,545.3,625.9,144.4,319.6,387.8,100.1,575.2,309.3,254.9,561.5,454.4,77.8,0.0,241.6,527.4,372.9,590.4,462.1,375.3,598.1,186.3,450.3,644.3,268.9,559.8,309.9,351.2,239.9,299.0,527.6,569.9,250.6,111.8,443.2,406.1,270.4,277.2,338.7,114.3,129.6,536.2,362.8,417.4,522.4,180.5,412.8,161.4,467.4,389.2,267.1,393.9,328.1,409.3,474.5,350.3,320.0,123.4,363.4,235.9,120.8,164.0,280.6,368.8,510.9,490.8,198.2,284.8,106.6,115.9,192.5,93.4,271.8,92.2,658.9,367.3,415.2,577.9,271.8,592.9,265.0,231.9,2138.4,505.8,440.2,531.2,320.6,453.2,562.6,418.0,170.3,608.3,515.9,136.9,118.9,489.7,479.8,271.9,457.5,340.8,257.6,509.5,109.0,523.9,129.4,394.5,540.3
LP,501.3,151.3,526.4,268.0,28.2,265.4,85.6,206.4,322.2,166.5,215.9,467.8,207.9,414.8,174.5,352.8,191.6,233.2,375.7,109.5,132.1,481.3,184.6,170.5,470.2,98.9,181.1,121.6,136.2,176.9,160.3,455.1,510.8,60.2,183.8,314.2,500.9,397.9,470.3,457.6,265.7,459.2,192.8,519.6,188.0,240.3,221.3,159.2,249.3,535.5,372.7,337.0,221.3,139.5,251.8,352.5,480.5,157.8,294.1,153.0,273.2,387.1,219.0,500.7,354.9,232.0,467.7,273.9,176.2,92.1,488.1,542.8,180.2,222.0,330.6,251.5,518.0,211.7,223.6,504.3,397.2,175.6,216.4,0.0,470.2,315.7,533.2,404.9,318.1,540.9,298.2,396.6,587.1,334.0,501.4,222.6,294.0,134.6,260.4,470.4,512.7,315.7,248.8,386.0,348.8,126.9,133.7,149.2,207.5,261.4,474.4,219.3,363.7,465.2,308.9,269.3,298.4,410.2,245.7,105.6,336.7,274.4,451.0,417.3,293.1,170.6,217.7,219.9,225.2,256.1,117.6,105.4,225.3,453.7,437.1,281.4,123.3,287.7,252.9,97.3,199.8,166.5,170.6,601.7,223.8,358.0,520.7,166.5,535.7,181.4,297.0,2106.1,448.6,405.9,477.5,180.6,396.0,505.4,360.8,242.0,554.6,462.2,103.7,148.9,432.5,422.6,114.6,375.1,197.3,281.2,452.3,198.7,470.2,204.6,337.3,427.3
LR,212.7,504.9,106.5,583.5,451.4,359.1,394.6,334.3,239.2,514.4,309.6,261.3,561.5,241.4,454.5,263.0,485.2,548.7,258.0,425.0,363.4,149.6,494.3,439.7,173.7,410.5,460.6,475.2,447.8,422.2,502.2,65.7,115.3,441.4,463.8,667.8,164.8,83.2,173.8,138.4,359.4,247.9,508.3,255.3,541.6,533.9,580.7,346.5,576.6,119.5,309.5,430.7,580.7,511.1,605.4,211.1,64.5,458.7,387.8,464.6,626.8,213.7,572.6,327.3,291.7,325.7,212.9,367.6,529.8,425.6,112.5,273.5,489.9,349.9,383.0,567.0,162.5,339.6,351.5,31.5,249.6,491.1,535.4,454.0,0.0,325.0,210.2,287.2,395.5,217.9,651.8,117.6,264.1,687.6,152.7,492.9,387.7,520.5,388.3,281.8,92.8,669.3,564.3,197.2,384.7,420.5,429.0,460.8,561.1,615.0,88.9,512.9,246.0,151.4,646.4,562.9,613.9,236.8,539.3,417.2,321.3,368.1,437.5,269.7,386.8,482.2,522.3,513.5,578.8,568.4,471.2,417.0,518.9,280.3,319.4,635.0,434.9,603.2,568.4,364.3,515.3,514.4,486.1,145.8,517.4,240.3,120.2,514.4,119.7,540.8,650.6,2120.6,152.1,384.2,82.0,474.2,94.5,332.0,159.4,595.6,98.7,76.7,419.2,464.4,99.1,302.0,426.2,395.5,490.9,409.1,279.1,552.3,160.7,558.2,373.2,364.1
LX,350.1,364.4,380.7,443.0,310.9,218.6,254.1,193.8,171.0,373.9,169.1,316.6,421.0,263.6,314.0,201.6,344.7,408.2,224.5,284.5,222.9,330.1,353.8,374.5,349.1,270.0,320.1,334.7,322.6,281.7,361.7,303.9,359.6,300.9,323.3,527.3,379.8,246.7,349.2,306.4,218.9,308.0,367.8,368.4,401.1,393.4,440.2,206.0,436.1,384.3,251.6,290.2,440.2,370.6,464.9,201.3,329.3,386.7,247.3,354.9,486.3,235.9,432.1,349.5,233.8,185.2,316.5,227.1,389.3,285.1,336.9,391.6,349.4,209.4,249.1,426.5,425.5,199.1,211.0,353.1,246.0,350.6,394.9,313.5,319.0,0.0,382.0,253.7,271.3,389.7,511.3,245.4,435.9,547.1,408.9,352.4,247.2,380.0,247.8,319.2,367.0,528.8,423.8,234.8,250.8,280.0,288.5,320.3,420.6,474.5,323.2,372.4,212.5,314.0,505.9,422.4,473.4,259.0,398.8,276.7,215.6,227.6,361.2,266.1,246.3,372.5,381.8,373.0,438.3,427.9,330.7,355.2,378.4,302.5,285.9,494.5,294.4,462.7,427.9,223.8,374.8,373.9,345.6,450.5,376.9,206.8,369.5,373.9,384.5,400.3,510.1,1980.1,327.5,307.9,326.3,333.7,244.8,354.2,209.6,455.1,403.4,311.0,278.7,323.9,281.3,271.4,346.5,277.1,350.4,268.6,301.1,411.8,319.0,417.7,239.3,306.2
MA,119.9,559.0,292.5,637.6,505.5,413.2,448.7,388.4,293.3,568.5,363.7,174.5,615.6,217.3,508.6,317.1,539.3,602.8,312.1,479.1,417.5,118.7,548.4,493.8,256.0,464.6,514.7,529.3,501.9,476.3,556.3,219.4,324.3,495.5,517.9,721.9,287.7,236.9,250.6,336.7,413.5,161.1,562.4,378.2,595.7,588.0,634.8,400.6,630.7,192.6,430.5,484.8,634.8,565.2,659.5,182.2,154.3,512.8,441.9,518.7,680.9,244.6,626.7,258.9,412.7,379.8,126.1,421.7,583.9,479.7,182.0,180.7,544.0,404.0,443.7,621.1,194.3,393.7,405.6,240.5,288.3,545.2,589.5,508.1,208.9,379.1,0.0,341.3,465.9,7.7,705.9,248.1,102.9,741.7,210.9,547.0,441.8,574.6,442.4,195.0,278.8,723.4,618.4,150.8,445.4,474.6,483.1,514.9,615.2,669.1,297.9,567.0,300.1,165.3,700.5,617.0,668.0,281.7,593.4,471.3,410.2,422.2,555.8,308.4,440.9,536.3,576.4,567.6,632.9,622.5,525.3,471.1,573.0,285.3,373.5,689.1,489.0,657.3,622.5,418.4,569.4,568.5,540.2,261.8,571.5,294.4,88.6,568.5,124.1,594.9,704.7,2174.7,267.6,502.5,291.0,528.3,274.5,263.6,212.3,649.7,225.6,285.7,473.3,518.5,252.8,278.1,480.3,471.7,545.0,463.2,317.8,606.4,129.8,612.3,433.9,485.1
MI,313.1,414.4,299.6,493.0,360.9,268.6,304.1,243.8,123.2,423.9,219.1,279.6,471.0,226.6,364.0,92.6,394.7,458.2,57.4,334.5,272.9,293.1,403.8,349.2,303.0,320.0,370.1,384.7,357.3,331.7,411.7,266.9,342.8,350.9,373.3,577.3,205.7,209.7,303.1,269.4,268.9,271.0,417.8,114.6,451.1,443.4,490.2,256.0,486.1,347.3,301.6,340.2,490.2,420.6,514.9,164.3,292.3,368.2,297.3,374.1,536.3,198.9,482.1,312.5,283.8,235.2,279.5,277.1,439.3,335.1,299.9,354.6,399.4,259.4,299.1,476.5,298.6,249.1,261.0,329.2,199.5,400.6,444.9,363.5,282.0,234.5,345.0,0.0,321.3,352.7,561.3,208.4,398.9,597.1,282.0,402.4,297.2,430.0,297.8,282.2,285.9,578.8,473.8,197.8,300.8,330.0,338.5,370.3,470.6,524.5,286.2,422.4,105.4,277.0,555.9,472.4,523.4,222.0,448.8,326.7,265.6,277.6,411.2,219.6,296.3,391.7,431.8,423.0,488.3,477.9,380.7,326.5,428.4,265.5,32.1,544.5,344.4,512.7,477.9,273.8,424.8,423.9,395.6,378.6,426.9,36.8,332.5,423.9,347.5,450.3,560.1,2030.1,281.4,357.9,294.7,383.7,207.8,317.2,172.6,505.1,342.3,274.0,328.7,373.9,244.3,234.4,335.7,327.1,400.4,318.6,264.3,461.8,282.0,467.7,289.3,356.2
MM,420.8,335.1,309.3,413.7,281.6,101.1,224.8,164.5,241.7,344.6,102.1,387.3,391.7,334.3,316.6,272.3,315.4,378.9,295.2,255.2,193.6,400.8,324.5,269.9,253.1,240.7,322.7,305.4,278.0,284.3,332.4,374.6,352.5,271.6,325.9,498.0,283.8,317.4,253.2,418.6,52.3,378.7,338.5,374.3,371.8,364.1,410.9,176.7,406.8,455.0,132.9,18.8,410.9,341.3,435.6,272.0,400.0,288.9,62.8,294.8,457.0,306.6,402.8,420.2,151.4,86.0,387.2,44.1,360.0,255.8,407.6,462.3,320.1,180.1,12.4,397.2,300.9,169.8,181.7,338.9,316.7,321.3,365.6,284.2,369.4,235.2,452.7,324.4,0.0,460.4,482.0,316.1,506.6,517.8,284.3,373.1,87.7,350.7,218.5,389.9,295.6,499.5,394.5,305.5,30.6,250.7,259.2,291.0,391.3,445.2,369.1,343.1,283.2,384.7,476.6,393.1,444.1,329.7,369.5,247.4,119.6,107.3,141.0,336.8,24.9,312.4,352.5,343.7,409.0,398.6,301.4,247.2,349.1,373.2,356.6,465.2,265.1,433.4,398.6,194.5,345.5,344.6,316.3,380.9,347.6,277.5,452.1,344.6,430.2,371.0,480.8,1982.7,231.5,87.7,304.4,304.4,315.5,424.9,280.3,425.8,344.7,356.9,249.4,294.6,352.0,342.1,256.4,56.9,321.1,239.3,371.8,382.5,389.7,388.4,19.1,161.8
MS,127.6,566.7,300.2,645.3,513.2,420.9,456.4,396.1,301.0,576.2,371.4,182.2,623.3,225.0,516.3,324.8,547.0,610.5,319.8,486.8,425.2,126.4,556.1,501.5,263.7,472.3,522.4,537.0,509.6,484.0,564.0,227.1,332.0,503.2,525.6,729.6,295.4,244.6,258.3,344.4,421.2,168.8,570.1,385.9,603.4,595.7,642.5,408.3,638.4,200.3,438.2,492.5,642.5,572.9,667.2,189.9,162.0,520.5,449.6,526.4,688.6,252.3,634.4,266.6,420.4,387.5,133.8,429.4,591.6,487.4,189.7,188.4,551.7,411.7,451.4,628.8,202.0,401.4,413.3,248.2,296.0,552.9,597.2,515.8,216.6,386.8,7.7,349.0,473.6,0.0,713.6,255.8,110.6,749.4,218.6,554.7,449.5,582.3,450.1,202.7,286.5,731.1,626.1,158.5,453.1,482.3,490.8,522.6,622.9,676.8,305.6,574.7,307.8,173.0,708.2,624.7,675.7,289.4,601.1,479.0,417.9,429.9,563.5,316.1,448.6,544.0,584.1,575.3,640.6,630.2,533.0,478.8,580.7,293.0,381.2,696.8,496.7,665.0,630.2,426.1,577.1,576.2,547.9,269.5,579.2,302.1,96.3,576.2,131.8,602.6,712.4,2182.4,275.3,510.2,298.7,536.0,282.2,271.3,220.0,657.4,233.3,293.4,481.0,526.2,260.5,285.8,488.0,479.4,552.7,470.9,325.5,614.1,137.5,620.0,441.6,492.8
MT,659.8,198.0,684.9,111.7,298.1,423.9,248.9,373.4,480.7,307.8,374.4,652.2,254.6,573.3,431.7,511.3,356.2,201.2,534.2,218.8,314.6,639.8,236.7,372.9,628.7,388.4,413.8,196.0,386.9,300.2,301.6,613.6,669.3,356.2,439.5,15.9,659.4,556.4,628.8,616.7,424.2,617.7,197.3,678.1,234.7,404.9,298.6,279.6,85.1,694.0,531.2,495.5,322.2,280.8,69.9,511.0,639.0,391.9,452.6,400.4,199.6,545.6,249.9,659.2,513.4,390.5,626.2,432.4,222.9,273.4,646.6,727.2,232.3,420.9,489.1,177.9,676.5,410.6,356.2,662.8,555.7,188.1,184.4,329.5,628.7,474.2,691.7,563.4,476.6,699.4,0.0,555.1,745.6,304.9,659.9,345.9,452.5,275.9,400.3,628.9,671.2,286.6,124.0,544.5,507.3,291.5,298.3,379.2,153.8,101.4,632.9,383.9,522.2,623.7,62.8,433.9,92.2,568.7,410.3,335.6,495.2,432.9,514.1,575.8,451.6,421.3,211.3,384.5,271.9,91.9,200.0,381.9,389.9,612.2,595.6,157.1,353.3,226.7,179.3,280.4,181.3,307.8,222.4,760.2,388.4,516.5,679.2,307.8,694.2,304.5,267.9,2183.8,607.1,541.5,636.0,345.2,554.5,663.9,519.3,168.4,713.1,620.7,224.8,206.8,591.0,581.1,373.2,562.3,361.9,358.9,610.8,145.0,628.7,168.9,495.8,645.1
NE,228.2,414.4,205.7,493.0,360.9,268.6,304.1,243.8,148.7,423.9,219.1,176.7,471.0,123.7,364.0,172.5,394.7,458.2,167.5,334.5,272.9,230.3,403.8,349.2,254.9,320.0,370.1,384.7,357.3,331.7,411.7,119.8,184.6,350.9,373.3,577.3,246.0,71.7,255.0,131.4,268.9,168.1,417.8,311.4,451.1,443.4,490.2,256.0,486.1,200.2,301.6,340.2,490.2,420.6,514.9,79.4,145.2,368.2,297.3,370.8,536.3,96.0,482.1,209.6,283.8,235.2,194.6,277.1,439.3,335.1,193.2,251.7,399.4,259.4,299.1,476.5,250.5,249.1,261.0,178.1,131.9,400.6,441.4,363.5,144.0,234.5,260.1,196.7,321.3,267.8,561.3,0.0,314.0,597.1,233.9,402.4,297.2,430.0,297.8,179.3,192.0,578.8,473.8,112.9,300.8,330.0,336.8,370.3,470.6,524.5,152.8,422.4,155.5,192.1,555.7,472.4,523.4,119.1,448.8,326.7,265.6,277.6,411.2,152.0,296.3,391.7,431.8,423.0,488.3,477.9,380.7,326.5,428.4,162.6,228.9,544.5,344.4,512.7,477.9,273.8,424.8,423.9,395.6,275.5,426.9,149.8,200.9,423.9,200.4,450.3,560.1,2030.1,233.3,357.9,151.3,383.7,69.8,214.3,41.7,505.1,228.4,136.0,328.7,373.9,35.9,184.3,335.7,327.1,400.4,318.6,161.4,461.8,197.1,467.7,289.3,356.2
NJ,147.1,580.2,313.7,658.8,526.7,434.4,469.9,409.6,314.5,589.7,384.9,195.7,636.8,238.5,529.8,338.3,560.5,624.0,333.3,500.3,438.7,139.9,569.6,515.0,277.2,485.8,535.9,550.5,523.1,497.5,577.5,240.6,345.5,516.7,539.1,743.1,308.9,258.1,271.8,357.3,434.7,182.3,583.6,399.4,616.9,609.2,656.0,421.8,651.9,213.8,451.7,506.0,656.0,586.4,680.7,203.4,175.5,534.0,463.1,539.9,702.1,265.8,647.9,280.1,433.9,401.0,147.3,442.9,605.1,500.9,203.2,207.9,565.2,425.2,464.9,642.3,215.5,414.9,426.8,261.7,309.5,566.4,610.7,529.3,230.1,400.3,90.2,362.5,487.1,97.9,727.1,269.3,0.0,762.9,232.1,568.2,463.0,595.8,463.6,216.2,300.0,744.6,639.6,172.0,466.6,495.8,504.3,536.1,636.4,690.3,319.1,588.2,321.3,186.5,721.7,638.2,689.2,302.9,614.6,492.5,431.4,443.4,577.0,329.6,462.1,557.5,597.6,588.8,654.1,643.7,546.5,492.3,594.2,306.5,394.7,710.3,510.2,678.5,643.7,439.6,590.6,589.7,561.4,283.0,592.7,315.6,109.8,589.7,145.3,616.1,725.9,2195.9,288.8,523.7,312.2,549.5,295.7,284.8,233.5,670.9,246.8,306.9,494.5,539.7,274.0,299.3,501.5,492.9,566.2,484.4,339.0,627.6,151.0,633.5,455.1,506.3
NM,673.0,156.1,698.1,266.6,243.6,437.1,264.2,421.4,493.9,265.9,387.6,639.5,144.8,586.5,330.4,524.5,274.0,201.4,547.4,234.1,284.5,653.0,209.4,358.6,641.9,287.0,336.5,154.1,324.3,258.3,259.7,626.8,682.5,301.7,339.7,262.0,672.6,569.6,642.0,629.3,437.4,630.9,212.6,691.3,192.8,322.7,206.8,327.6,173.7,707.2,544.4,508.7,230.4,238.9,194.2,524.2,652.2,345.9,465.8,341.1,215.6,558.8,86.4,672.4,526.6,403.7,639.4,445.6,131.1,270.6,659.8,714.5,205.0,393.7,502.3,249.4,689.7,383.4,404.2,676.0,568.9,203.4,188.1,280.9,641.9,487.4,704.9,576.6,489.8,712.6,246.0,568.3,758.8,0.0,673.1,304.0,465.7,234.0,448.3,642.1,684.4,6.3,247.4,557.7,520.5,249.6,258.1,337.3,78.2,185.8,646.1,342.0,535.4,636.9,245.2,351.7,266.1,581.9,350.9,293.7,508.4,446.1,562.1,589.0,464.8,358.7,226.6,325.1,135.6,180.5,158.1,293.5,348.0,625.4,608.8,223.8,311.4,255.9,239.1,295.7,196.6,265.9,237.7,773.4,306.2,529.7,692.4,265.9,707.4,212.7,12.8,2141.9,620.3,589.5,649.2,303.3,567.7,677.1,532.5,184.4,726.3,633.9,240.1,206.3,604.2,594.3,302.7,546.8,302.5,406.9,624.0,88.1,641.9,147.0,509.0,599.0
NT,215.4,539.4,102.2,618.0,485.9,393.6,429.1,368.8,312.3,548.9,344.1,264.0,596.0,306.8,471.0,336.1,520.9,583.2,331.1,459.5,397.9,196.6,528.8,518.5,45.0,445.0,477.1,509.7,502.2,438.7,536.7,232.6,145.4,475.9,480.3,702.3,76.7,215.2,62.0,212.7,352.4,250.6,542.8,167.2,576.1,568.4,615.2,381.0,611.1,227.8,214.0,322.0,615.2,545.6,641.1,270.5,189.5,493.2,362.9,515.7,661.3,332.9,607.1,348.4,196.2,360.2,215.6,344.2,564.3,460.1,217.2,276.2,524.4,384.4,287.5,601.5,16.6,374.1,386.0,136.3,316.0,525.6,566.4,488.5,166.8,398.1,212.9,281.9,300.0,220.6,686.3,283.3,266.8,722.1,0.0,527.5,387.8,555.0,422.8,284.5,88.5,703.8,598.8,240.3,289.3,455.0,461.8,499.3,595.6,649.5,166.6,547.4,320.3,244.4,680.7,597.4,648.4,330.3,573.8,451.7,225.8,402.6,342.0,336.1,325.0,536.6,556.8,548.0,613.3,602.9,505.7,451.5,553.4,374.8,249.7,669.5,469.4,637.7,602.9,398.8,549.8,548.9,520.6,96.5,551.9,313.4,167.7,548.9,145.8,576.5,685.1,2137.1,56.6,288.7,97.3,508.7,167.6,353.1,252.9,630.1,59.1,149.8,453.7,498.9,264.8,367.6,460.7,300.0,525.4,443.6,371.1,586.8,208.9,592.7,277.7,268.6
NY,532.2,191.7,557.3,364.6,182.6,296.3,203.1,237.3,353.1,176.3,246.8,498.7,248.3,445.7,152.2,383.7,147.1,317.4,406.6,227.0,143.7,512.2,225.0,217.8,501.1,146.2,158.3,162.0,183.5,80.1,164.1,486.0,541.7,197.1,161.5,354.6,531.8,428.8,501.2,488.5,296.6,490.1,271.4,550.5,228.4,195.8,242.6,190.1,289.7,566.4,403.6,367.9,242.6,197.9,292.2,383.4,511.4,205.1,325.0,200.3,313.6,418.0,259.4,531.6,385.8,262.9,498.6,304.8,216.6,209.6,519.0,573.7,220.6,252.9,361.5,365.4,548.9,242.6,254.5,535.2,428.1,283.1,304.1,209.7,501.1,346.6,564.1,435.8,349.0,571.8,338.6,427.5,618.0,374.4,532.3,0.0,324.9,182.4,291.3,501.3,543.6,356.1,345.4,416.9,379.7,80.3,90.9,196.5,247.9,301.8,505.3,174.8,394.6,496.1,357.8,224.8,378.7,441.1,201.2,152.9,367.6,305.3,481.9,448.2,324.0,217.9,258.1,175.4,265.6,296.5,158.0,152.7,180.8,484.6,468.0,321.8,170.6,371.9,355.1,183.9,283.4,176.3,278.1,632.6,179.3,388.9,551.6,176.3,566.6,202.7,337.4,1996.4,479.5,436.8,508.4,77.1,426.9,536.3,391.7,282.4,585.5,493.1,221.2,221.9,463.4,453.5,161.9,406.0,152.8,312.1,483.2,239.1,501.1,245.0,368.2,458.2
OC,431.1,321.0,397.1,399.6,267.5,28.5,210.7,150.4,252.0,330.5,88.0,397.6,377.6,344.6,302.2,282.6,301.3,364.8,305.5,241.1,179.5,411.1,310.4,255.8,340.9,226.6,296.7,291.3,263.9,263.3,318.3,384.9,440.3,257.5,311.5,483.9,371.6,327.7,341.0,387.4,67.3,389.0,324.4,462.1,357.7,350.0,396.8,162.6,392.7,465.3,220.7,106.6,396.8,327.2,421.5,282.3,410.3,274.8,34.8,280.7,442.9,316.9,388.7,430.5,239.2,71.9,397.5,65.0,345.9,241.7,417.9,472.6,306.0,166.0,100.2,383.1,388.7,155.7,167.6,426.7,327.0,307.2,351.5,270.1,400.0,245.5,463.0,334.7,87.7,470.7,467.9,326.4,516.9,503.7,372.1,309.0,0.0,336.6,204.4,400.2,383.4,485.4,380.4,315.8,118.4,236.6,245.1,276.9,377.2,431.1,456.9,329.0,293.5,395.0,462.5,379.0,430.0,340.0,355.4,233.3,207.4,19.5,228.8,347.1,62.7,298.3,338.4,329.6,394.9,384.5,287.3,233.1,335.0,383.5,366.9,451.1,251.0,419.3,384.5,180.4,331.4,330.5,302.2,468.7,333.5,287.8,450.5,330.5,465.5,356.9,466.7,2011.0,319.3,175.5,392.2,290.3,325.8,435.2,290.6,411.7,432.5,444.7,235.3,280.5,362.3,352.4,242.3,144.7,307.0,225.2,382.1,368.4,400.0,374.3,106.9,249.6
OG,545.4,115.2,570.5,298.0,98.0,309.5,118.5,250.5,366.3,68.0,260.0,511.9,127.6,458.9,202.8,396.9,86.2,250.8,419.8,142.4,184.8,525.4,158.4,266.4,514.3,194.8,208.9,95.4,232.1,130.7,80.0,499.2,554.9,156.1,212.1,288.0,545.0,442.0,514.4,501.7,309.8,503.3,204.8,563.7,135.4,134.9,86.6,272.9,223.1,579.6,416.8,381.1,86.6,63.5,225.6,396.6,524.6,253.7,338.2,248.9,247.0,431.2,158.7,544.8,399.0,276.1,511.8,318.0,87.2,125.0,532.2,586.9,154.0,266.1,374.7,284.4,562.1,255.8,267.7,548.4,441.3,208.5,237.5,135.3,514.3,359.8,577.3,449.0,362.2,585.0,272.0,440.7,631.2,273.7,545.5,176.4,338.1,0.0,304.5,514.5,556.8,255.4,278.8,430.1,392.9,122.0,130.5,245.1,181.3,235.2,518.5,166.9,407.8,509.3,291.2,163.9,312.1,454.3,163.1,201.5,380.8,318.5,507.4,461.4,337.2,266.5,191.5,137.3,164.9,229.9,91.4,201.3,172.9,497.8,481.2,255.2,219.2,305.3,285.8,150.0,216.8,68.0,203.5,645.8,118.4,402.1,564.8,68.0,579.8,46.7,236.7,2014.3,492.7,450.0,521.6,155.0,440.1,549.5,404.9,215.8,598.7,506.3,136.6,155.3,476.6,466.7,210.5,419.2,114.7,352.2,496.4,172.5,514.3,178.4,381.4,471.4
OK,422.6,278.3,447.7,356.9,224.8,186.7,168.0,48.4,243.5,287.8,137.2,389.1,334.9,336.1,259.5,274.1,258.6,275.2,297.0,198.4,136.8,402.6,267.7,213.1,391.5,183.9,254.0,248.6,221.2,220.6,275.6,376.4,432.1,214.8,268.8,441.2,422.2,319.2,391.6,378.9,187.0,380.5,281.7,440.9,315.0,307.3,354.1,119.9,350.0,456.8,294.0,258.3,354.1,284.5,378.8,273.8,401.8,232.1,215.4,238.0,400.2,308.4,346.0,422.0,276.2,153.3,389.0,195.2,303.2,199.0,409.4,464.1,263.3,95.9,251.9,340.4,439.3,85.6,31.2,425.6,318.5,264.5,308.8,227.4,391.5,237.0,454.5,326.2,239.4,462.2,425.2,317.9,508.4,461.0,422.7,266.3,215.3,293.9,0.0,391.7,434.0,442.7,337.7,307.3,270.1,193.9,202.4,234.2,334.5,388.4,395.7,286.3,285.0,386.5,419.8,336.3,387.3,331.5,312.7,190.6,258.0,195.7,305.5,338.6,214.4,255.6,295.7,286.9,352.2,341.8,244.6,190.4,292.3,375.0,358.4,408.4,208.3,329.7,341.8,137.7,288.7,287.8,259.5,523.0,290.8,279.3,442.0,287.8,457.0,314.2,424.0,2002.5,369.9,332.9,398.8,247.6,317.3,426.7,282.1,369.0,475.9,383.5,192.6,237.8,353.8,343.9,199.6,353.7,264.3,76.1,373.6,325.7,391.5,331.6,258.6,436.5
OM,167.6,480.4,327.1,559.0,426.9,334.6,370.1,309.8,214.7,489.9,285.1,78.6,537.0,121.4,430.0,238.5,460.7,524.2,233.5,400.5,338.9,214.8,469.8,415.2,352.1,386.0,436.1,450.7,423.3,397.7,477.7,250.3,306.0,416.9,439.3,643.3,367.4,193.1,346.7,252.8,334.9,39.7,483.8,377.4,517.1,509.4,556.2,322.0,552.1,288.7,367.6,406.2,556.2,486.6,580.9,125.4,275.7,434.2,363.3,440.1,602.3,96.3,548.1,84.8,349.8,301.2,86.8,343.1,505.3,401.1,261.0,130.7,465.4,325.4,365.1,542.5,290.4,315.1,327.0,299.5,114.2,466.6,510.9,429.5,265.4,300.5,199.5,262.7,387.3,207.2,627.3,151.5,253.4,663.1,307.0,468.4,363.2,496.0,363.8,0.0,313.4,644.8,539.8,158.9,366.8,396.0,404.5,436.3,536.6,590.5,269.6,488.4,221.5,238.1,621.9,538.4,589.4,138.1,514.8,392.7,331.6,343.6,477.2,134.3,362.3,457.7,497.8,489.0,554.3,543.9,446.7,392.5,494.4,111.2,294.9,610.5,410.4,578.7,543.9,339.8,490.8,489.9,461.6,357.9,492.9,215.8,184.7,489.9,220.2,516.3,626.1,2096.1,354.7,423.9,272.7,449.7,191.2,89.5,115.7,571.1,321.7,257.4,394.7,439.9,187.4,166.6,401.7,393.1,466.4,384.6,143.7,527.8,225.9,533.7,355.3,422.2
OO,290.8,511.7,13.6,590.3,458.2,365.9,401.4,341.1,246.0,521.2,316.4,339.4,568.3,268.6,461.3,269.8,492.0,555.5,264.8,431.8,370.2,227.7,501.1,446.5,105.1,417.3,467.4,482.0,454.6,429.0,509.0,143.8,79.1,448.2,470.6,674.6,96.2,161.3,105.2,145.8,366.2,326.0,515.1,186.7,548.4,540.7,587.5,353.3,583.4,197.6,240.9,348.9,587.5,517.9,612.2,232.5,142.6,465.5,394.6,468.1,633.6,240.9,579.4,354.5,223.1,332.5,291.0,374.4,536.6,432.4,190.6,351.6,496.7,356.7,314.4,573.8,100.7,346.4,358.3,47.5,249.7,497.9,538.7,460.8,78.0,331.8,288.3,294.0,326.9,296.0,658.6,195.7,342.2,694.4,84.1,499.7,394.5,527.3,395.1,324.2,0.0,676.1,571.1,266.0,316.1,427.3,434.1,467.6,567.9,621.8,100.3,519.7,252.8,229.5,653.2,569.7,620.7,264.0,546.1,424.0,252.7,374.9,368.9,269.8,393.6,489.0,529.1,520.3,585.6,575.2,478.0,423.8,525.7,307.5,269.2,641.8,441.7,610.0,575.2,371.1,522.1,521.2,492.9,107.7,524.2,247.1,198.3,521.2,197.8,547.6,657.4,2127.4,83.5,315.6,31.0,481.0,101.3,359.2,186.6,602.4,60.6,83.5,426.0,471.2,177.2,284.6,433.0,326.9,497.7,415.9,304.8,559.1,238.8,565.0,304.6,295.5
OR,666.6,149.7,691.7,260.2,237.2,430.7,257.8,415.0,487.5,259.5,381.2,633.1,138.4,580.1,324.0,518.1,267.6,195.0,541.0,227.7,278.1,646.6,203.0,352.2,635.5,280.6,330.1,147.7,317.9,251.9,253.3,620.4,676.1,295.3,333.3,255.6,666.2,563.2,635.6,622.9,431.0,624.5,206.2,684.9,186.4,316.3,200.4,321.2,167.3,700.8,538.0,502.3,224.0,232.5,187.8,517.8,645.8,339.5,459.4,334.7,209.2,552.4,80.0,666.0,520.2,397.3,633.0,439.2,124.7,264.2,653.4,708.1,198.6,387.3,495.9,243.0,683.3,377.0,397.8,669.6,562.5,197.0,181.7,274.5,635.5,481.0,698.5,570.2,483.4,706.2,239.6,561.9,752.4,18.3,666.7,297.6,459.3,227.6,441.9,635.7,678.0,0.0,241.0,551.3,514.1,243.2,251.7,330.9,71.8,179.4,639.7,335.6,529.0,630.5,238.8,345.3,259.7,575.5,344.5,287.3,502.0,439.7,555.7,582.6,458.4,352.3,220.2,318.7,129.2,174.1,151.7,287.1,341.6,619.0,602.4,217.4,305.0,249.5,232.7,289.3,190.2,259.5,231.3,767.0,299.8,523.3,686.0,259.5,701.0,206.3,6.4,2135.5,613.9,583.1,642.8,296.9,561.3,670.7,526.1,178.0,719.9,627.5,233.7,199.9,597.8,587.9,296.3,540.4,296.1,400.5,617.6,81.7,635.5,140.6,502.6,592.6
PB,587.8,167.6,612.9,19.1,201.5,351.9,152.3,292.9,408.7,282.9,302.4,554.3,224.2,501.3,373.9,439.3,337.3,107.5,462.2,122.2,218.6,567.8,140.1,324.6,556.7,298.3,365.5,169.3,335.6,273.5,276.7,541.6,597.3,259.6,383.2,173.7,587.4,484.4,556.8,544.7,352.2,545.7,100.7,606.1,204.3,386.0,268.2,231.3,78.8,622.0,459.2,423.5,291.8,255.9,137.5,439.0,567.0,343.6,380.6,352.4,210.8,473.6,223.2,587.2,441.4,318.5,554.2,360.4,192.5,176.8,574.6,629.3,135.7,308.5,417.1,76.6,604.5,298.2,307.9,590.8,483.7,91.5,94.2,232.9,556.7,402.2,619.7,491.4,404.6,627.4,157.7,483.1,673.6,278.2,587.9,319.2,380.5,251.0,352.0,556.9,599.2,259.9,0.0,472.5,435.3,275.7,284.2,348.6,127.1,121.7,560.9,368.1,450.2,551.7,82.0,415.0,49.5,496.7,394.5,305.0,423.2,360.9,465.8,503.8,379.6,370.0,114.7,368.7,241.5,70.6,173.3,304.8,374.1,540.2,523.6,147.3,322.7,125.4,78.0,183.8,84.7,282.9,125.8,688.2,369.5,444.5,607.2,282.9,622.2,274.1,241.2,2167.7,535.1,493.2,564.0,329.4,482.5,591.9,447.3,179.6,641.1,548.7,128.2,110.2,519.0,509.1,314.0,461.6,346.1,310.6,538.8,118.3,556.7,142.2,423.8,513.8
PC,115.2,408.1,272.8,486.7,354.6,262.3,297.8,237.5,142.4,417.6,212.8,130.0,464.7,135.4,357.7,166.2,388.4,451.9,161.2,328.2,266.6,95.2,397.5,342.9,299.7,313.7,363.8,378.4,351.0,325.4,405.4,196.0,251.7,344.6,367.0,571.0,313.1,138.8,294.3,198.5,262.6,116.6,411.5,305.1,444.8,437.1,483.9,249.7,479.8,197.8,295.3,333.9,483.9,414.3,508.6,31.3,159.5,361.9,291.0,364.5,530.0,107.7,475.8,214.4,277.5,228.9,81.6,270.8,433.0,328.8,99.5,176.0,393.1,253.1,292.8,470.2,238.0,242.8,254.7,245.2,143.6,394.3,435.1,357.2,211.1,228.2,147.1,190.4,315.0,154.8,555.0,97.2,201.0,590.8,253.4,396.1,290.9,423.7,291.5,150.5,259.1,572.5,467.5,0.0,294.6,323.7,330.5,364.0,464.3,518.2,219.9,416.1,149.2,79.1,549.4,466.1,517.1,130.8,442.5,320.4,259.3,271.3,404.9,163.7,290.0,385.4,425.5,416.7,482.0,471.6,374.4,320.2,422.1,174.3,222.6,538.2,338.1,506.4,471.6,267.5,418.5,417.6,389.3,305.5,420.6,143.5,134.6,417.6,174.4,444.0,553.8,2023.8,300.4,351.6,218.4,377.4,136.9,219.1,61.4,498.8,269.3,203.1,322.4,367.6,133.1,196.0,329.4,320.8,394.1,312.3,173.1,455.5,84.1,461.4,283.0,349.9
PG,430.0,365.8,318.5,444.4,312.3,131.8,255.5,195.2,250.9,375.3,132.9,396.5,422.4,343.5,325.8,281.5,346.1,409.6,304.4,285.9,224.3,410.0,355.2,300.6,262.3,271.4,331.9,336.1,308.7,293.5,363.2,383.8,361.7,302.3,335.1,528.7,293.1,326.6,262.4,428.5,83.0,387.9,369.2,383.5,402.5,394.8,441.6,207.4,437.5,464.2,102.2,52.6,441.6,372.0,466.4,281.2,409.2,319.6,93.5,322.2,487.7,315.9,433.5,429.4,120.7,116.8,396.4,74.8,390.8,286.5,416.8,471.5,350.8,210.8,18.1,427.9,310.1,200.5,212.4,348.1,325.9,352.0,392.8,314.9,378.6,244.4,461.9,333.6,30.6,469.6,512.7,325.4,515.8,548.5,294.7,382.3,118.4,381.4,249.2,399.1,304.8,530.2,425.2,314.7,0.0,281.4,288.2,354.1,422.1,475.9,382.9,373.8,292.4,393.9,507.1,423.8,474.8,338.9,400.2,278.1,128.8,138.0,110.2,346.0,55.6,343.1,383.2,374.4,439.7,429.3,332.1,277.9,379.8,382.4,365.9,495.9,295.8,464.1,429.3,225.2,376.2,375.3,347.0,390.2,378.3,286.7,461.3,375.3,439.4,401.7,511.5,1991.9,240.7,57.0,313.6,335.2,324.7,434.1,289.5,456.5,353.9,366.2,280.1,325.3,361.2,351.3,287.1,26.2,351.8,270.0,381.0,413.2,398.9,419.1,11.4,131.1
PI,451.8,188.7,476.9,305.7,123.7,215.9,133.8,156.9,272.7,93.8,166.4,418.3,201.1,365.3,141.4,303.3,64.6,258.5,326.2,164.2,63.3,431.8,166.1,137.4,420.7,65.8,148.0,103.1,103.1,55.1,81.6,405.6,461.3,116.7,150.7,295.7,451.4,348.4,420.8,408.7,216.2,409.7,212.5,470.1,208.9,113.3,160.1,109.7,230.8,486.0,323.2,287.5,160.1,163.5,233.3,303.0,431.0,124.7,244.6,119.9,254.7,337.6,232.2,451.2,305.4,182.5,418.2,224.4,160.7,150.7,438.6,493.3,161.7,172.5,281.1,306.2,468.5,162.2,174.1,454.8,347.7,230.3,245.2,129.3,420.7,266.2,483.7,355.4,268.6,491.4,279.7,347.1,537.6,347.2,451.9,100.8,244.5,99.9,210.9,420.9,463.2,328.9,286.5,336.5,299.3,0.0,8.4,116.1,189.0,242.9,424.9,92.3,314.2,415.7,298.9,142.3,319.8,360.7,118.7,72.5,287.2,224.9,401.5,367.8,243.6,137.5,199.2,92.9,238.4,237.6,99.1,72.3,98.3,404.2,387.6,262.9,90.2,313.0,307.6,103.5,224.5,93.8,225.3,552.2,96.8,308.5,471.2,93.8,486.2,120.2,310.2,1938.7,399.1,356.4,428.0,53.6,346.5,455.9,311.3,223.5,505.1,412.7,158.4,163.0,383.0,373.1,81.5,325.6,70.3,231.7,402.8,180.2,420.7,186.1,287.8,377.8
PL,460.7,180.2,485.8,314.6,132.6,224.8,142.7,165.8,281.6,85.3,173.6,427.2,192.6,374.2,150.3,312.2,56.1,267.4,335.1,173.1,72.2,440.7,175.0,144.6,429.6,74.7,156.9,112.0,112.0,64.0,73.1,414.5,470.2,125.6,159.6,304.6,458.6,357.3,429.7,415.3,225.1,418.6,221.4,479.0,200.4,104.8,151.6,118.6,239.7,494.9,332.1,296.4,151.6,155.0,240.5,310.2,439.9,133.6,253.5,125.5,263.6,344.8,223.7,460.1,314.3,189.7,427.1,233.3,152.2,157.9,447.5,502.2,170.6,181.4,290.0,315.1,477.4,171.1,183.0,463.7,356.6,239.2,250.6,136.5,429.6,275.1,492.6,364.3,277.5,500.3,288.6,354.3,546.5,338.7,462.0,85.1,253.4,91.4,219.8,429.8,472.1,320.4,295.4,345.4,308.3,8.8,0.0,123.3,196.2,251.8,438.4,83.8,321.4,424.6,299.3,133.8,328.7,369.6,110.2,81.4,296.1,233.8,408.7,376.7,252.5,146.4,208.1,84.4,229.9,244.8,108.0,81.2,89.8,413.1,394.8,271.8,99.1,321.9,316.5,112.4,233.4,85.3,234.2,561.1,88.3,317.4,480.1,85.3,495.1,113.4,301.7,1963.9,408.0,365.3,435.2,42.9,355.4,464.8,320.2,232.4,512.3,419.9,167.3,171.9,390.2,382.0,90.4,332.8,61.8,240.6,411.7,189.1,427.9,193.3,296.7,385.0
PM,482.5,225.9,507.6,398.8,150.8,246.6,208.2,187.6,303.4,259.1,197.1,449.0,282.5,396.0,67.6,334.0,191.2,351.6,356.9,194.9,94.0,462.5,259.2,133.1,451.4,58.8,91.7,196.2,96.1,91.2,252.9,436.3,492.0,129.4,76.9,388.8,482.1,379.1,451.5,438.8,246.9,440.4,305.6,500.8,262.6,239.9,313.9,140.4,323.9,516.7,353.9,318.2,313.9,232.1,326.4,333.7,461.7,117.7,275.3,112.9,347.8,368.3,293.6,481.9,336.1,213.2,448.9,255.1,250.8,214.7,469.3,524.0,254.8,203.2,311.8,336.9,499.2,192.9,204.8,485.5,378.4,261.0,338.3,142.0,451.4,296.9,514.4,386.1,299.3,522.1,372.8,377.8,568.3,408.6,482.6,180.0,275.2,227.2,241.6,451.6,493.9,390.3,379.6,367.2,330.0,126.5,133.3,0.0,282.1,336.0,460.2,218.9,344.9,446.4,392.0,268.9,412.9,391.4,245.3,34.2,317.9,255.6,432.2,398.5,274.3,130.5,292.3,219.5,299.8,330.7,192.2,65.3,224.9,434.9,418.3,356.0,42.0,406.1,338.3,134.2,317.6,259.1,256.0,582.9,223.4,339.2,501.9,259.1,516.9,274.0,371.6,1999.2,429.8,387.1,458.7,185.5,377.2,486.6,342.0,316.6,535.8,443.4,189.1,256.1,413.7,403.8,74.5,356.3,196.9,262.4,433.5,273.3,451.4,279.2,318.5,408.5
PR,594.7,77.8,619.8,188.3,165.3,358.8,185.9,343.1,415.6,187.6,309.3,561.2,134.4,508.2,252.1,446.2,236.0,123.1,469.1,155.8,206.2,574.7,131.1,280.3,563.6,208.7,258.2,75.8,246.0,180.0,181.4,548.5,604.2,223.4,261.4,183.7,594.3,491.3,563.7,551.0,359.1,552.6,134.3,613.0,114.5,284.7,178.4,249.3,95.4,628.9,466.1,430.4,202.0,160.6,115.9,445.9,573.9,267.6,387.5,259.5,137.3,480.5,96.0,594.1,448.3,325.4,561.1,367.3,102.7,192.3,581.5,636.2,126.7,315.4,424.0,171.1,611.4,305.1,325.9,597.7,490.6,125.1,106.3,202.6,563.6,409.1,626.6,498.3,411.5,634.3,167.7,490.0,680.5,151.0,594.8,225.7,387.4,155.7,370.0,563.8,606.1,132.7,169.1,479.4,442.3,171.3,178.1,259.0,0.0,107.5,572.4,263.7,457.1,558.6,158.4,313.7,187.8,503.6,290.1,215.4,430.1,367.8,483.8,510.7,386.5,280.4,148.3,264.3,145.2,102.2,79.8,215.2,269.7,547.1,530.5,145.5,233.1,177.6,160.8,217.4,118.3,187.6,159.4,695.1,268.2,451.4,614.1,187.6,629.1,184.3,114.0,2063.6,542.0,511.2,570.9,225.0,489.4,598.8,454.2,106.1,648.0,555.6,161.8,128.0,525.9,516.0,224.4,468.5,241.7,328.6,545.7,9.9,563.6,68.7,430.7,520.7
PS,624.4,122.9,649.5,146.1,238.1,388.5,188.9,346.1,445.3,232.7,339.0,624.9,179.5,537.9,297.2,475.9,281.1,126.1,498.8,158.8,255.2,604.4,176.7,345.6,593.3,253.8,303.3,120.9,291.1,225.1,226.5,578.2,633.9,296.2,306.5,122.5,624.0,521.0,593.4,580.7,388.8,582.3,137.3,642.7,159.6,329.8,223.5,252.3,34.2,658.6,495.8,460.1,247.1,205.7,86.3,475.6,603.6,364.6,417.2,307.9,162.4,510.2,174.8,623.8,478.0,355.1,590.8,397.0,147.8,213.4,611.2,699.9,172.3,345.1,453.7,134.9,641.1,334.8,328.9,627.4,520.3,128.1,112.8,269.5,593.3,438.8,656.3,528.0,441.2,664.0,106.5,519.7,710.2,229.8,624.5,270.8,417.1,200.8,373.0,593.5,635.8,211.5,158.4,509.1,471.9,216.4,224.9,304.1,78.7,0.0,597.5,308.8,486.8,588.3,105.7,358.8,126.6,533.3,335.2,260.5,459.8,397.5,486.8,540.4,416.2,325.5,151.3,309.4,196.8,41.0,124.9,260.3,314.8,576.8,560.2,170.6,278.2,180.6,136.3,220.4,121.3,232.7,162.4,724.8,313.3,481.1,643.8,232.7,658.8,229.4,192.8,2108.7,571.7,514.2,600.6,270.1,519.1,628.5,483.9,131.2,677.7,585.3,164.8,146.8,555.6,545.7,269.5,535.0,286.8,331.6,575.4,69.9,593.3,93.8,460.4,550.4
PT,275.6,473.0,124.5,551.6,419.5,327.2,362.7,302.4,207.3,482.5,281.5,282.9,529.6,229.9,422.6,234.9,457.1,516.8,226.1,393.1,331.5,216.3,462.4,411.6,173.7,378.6,428.7,443.3,415.9,390.3,474.1,128.6,103.4,409.5,431.9,635.9,168.6,110.2,173.8,110.3,327.5,274.3,476.4,255.3,513.5,502.0,548.8,314.6,544.7,182.4,309.5,398.8,548.8,479.2,577.3,193.8,127.4,426.8,355.9,429.4,594.9,202.2,540.7,315.8,291.7,297.6,275.8,335.7,497.9,393.7,175.4,336.4,458.0,318.0,357.7,535.1,169.3,307.7,319.6,96.9,211.0,459.2,500.0,425.9,62.8,293.1,273.1,255.3,379.9,280.8,619.9,160.1,327.0,655.7,153.9,461.0,355.8,488.6,356.4,285.5,114.6,637.4,532.4,227.3,359.5,388.6,395.4,432.7,529.2,583.1,0.0,481.0,217.9,214.3,614.3,531.0,582.0,225.3,507.4,385.3,328.0,336.2,441.3,234.9,354.9,450.3,490.4,481.6,546.9,536.5,439.3,385.1,487.0,268.8,291.3,603.1,403.0,571.3,536.5,332.4,483.4,482.5,454.2,194.3,485.5,208.4,183.1,482.5,182.6,512.7,618.7,2088.7,152.1,384.2,73.9,442.3,62.6,320.5,147.9,563.7,147.2,10.0,387.3,432.5,162.0,245.9,394.3,385.7,459.0,377.2,266.1,520.4,227.4,530.1,347.9,364.1
PW,549.5,269.3,574.6,447.7,260.6,313.6,281.1,254.6,370.4,202.1,264.1,516.0,281.7,463.0,239.1,401.0,220.3,413.4,423.9,305.0,161.0,529.5,329.6,235.1,518.4,163.5,245.7,258.0,200.8,152.8,214.1,503.3,559.0,214.4,248.4,437.7,549.1,446.1,518.5,505.8,313.9,507.4,376.0,567.8,289.5,269.0,240.7,207.4,385.7,583.7,420.9,385.2,240.7,226.1,375.3,400.7,528.7,222.4,342.3,217.6,427.4,435.3,312.8,548.9,403.1,280.2,515.9,322.1,241.3,287.6,536.3,591.0,325.2,270.2,378.8,447.0,566.2,259.9,271.8,552.5,445.4,371.1,400.1,297.9,518.4,363.9,581.4,453.1,366.3,589.1,421.7,444.8,635.3,427.8,549.6,173.9,342.2,162.5,308.6,518.6,560.9,409.5,428.5,434.2,397.0,97.6,88.7,213.8,343.9,397.8,522.6,0.0,411.9,513.4,440.9,298.0,461.8,458.4,191.7,170.2,384.9,322.6,499.2,465.5,341.3,235.2,362.7,165.9,319.0,392.5,254.0,170.0,6.0,501.9,485.3,362.1,187.9,467.9,448.4,201.2,388.0,202.1,366.1,649.9,252.5,406.2,568.9,202.1,583.9,200.8,390.8,2037.5,496.8,454.1,525.7,133.4,444.2,553.6,409.0,396.2,602.8,510.4,299.2,326.5,480.7,470.8,179.2,423.3,143.3,329.4,500.5,335.1,518.4,341.0,385.5,475.5
QA,287.6,388.9,318.2,467.5,335.4,243.1,278.6,218.3,107.5,398.4,193.6,254.1,445.5,201.1,338.5,76.9,369.2,432.7,71.9,309.0,247.4,267.6,378.3,323.7,373.6,294.5,344.6,359.2,331.8,306.2,386.2,241.4,297.1,325.4,347.8,551.8,306.9,184.2,373.7,243.9,243.4,245.5,392.3,215.8,425.6,417.9,464.7,230.5,460.6,321.8,276.1,314.7,464.7,395.1,489.4,138.8,266.8,342.7,271.8,345.3,510.8,173.4,456.6,287.0,258.3,209.7,254.0,251.6,413.8,309.6,274.4,329.1,373.9,233.9,273.6,451.0,363.0,223.6,235.5,290.6,174.0,375.1,419.4,338.0,256.5,209.0,319.5,101.1,295.8,327.2,535.8,182.9,373.4,571.6,346.4,376.9,271.7,404.5,272.3,256.7,304.5,553.3,448.3,172.3,275.4,304.5,313.0,344.8,445.1,499.0,265.3,396.9,0.0,251.5,530.4,446.9,497.9,196.5,423.3,301.2,240.1,252.1,385.7,194.1,270.8,366.2,406.3,397.5,462.8,452.4,355.2,301.0,402.9,240.0,133.3,519.0,318.9,487.2,452.4,248.3,399.3,398.4,370.1,388.0,401.4,54.2,307.0,398.4,322.0,424.8,534.6,2004.6,352.0,332.4,263.8,358.2,182.3,291.7,147.1,479.6,340.9,248.5,303.2,348.4,218.8,208.9,310.2,301.6,374.9,293.1,238.8,436.3,256.5,442.2,263.8,330.7
QC,169.1,489.1,248.0,567.7,435.6,343.3,378.8,318.5,223.4,498.6,293.8,199.5,545.7,216.4,438.7,247.2,469.4,532.9,242.2,409.2,347.6,56.5,478.5,423.9,315.2,394.7,444.8,459.4,432.0,406.4,486.4,151.9,256.8,425.6,448.0,652.0,306.3,169.4,315.3,268.6,343.6,186.1,492.5,386.1,525.8,518.1,564.9,330.7,560.8,125.1,376.3,414.9,564.9,495.3,589.6,112.3,86.8,442.9,372.0,448.8,611.0,188.7,556.8,283.9,358.5,309.9,151.1,351.8,514.0,409.8,50.7,229.9,474.1,334.1,373.8,551.2,247.1,323.8,335.7,173.0,224.6,475.3,519.6,438.2,141.4,309.2,166.6,271.4,396.0,174.3,636.0,178.2,220.5,671.8,263.7,477.1,371.9,504.7,372.5,220.0,234.3,653.5,548.5,80.9,375.5,404.7,413.2,445.0,545.3,599.2,230.4,497.1,230.2,0.0,630.6,547.1,598.1,211.8,523.5,401.4,340.3,352.3,485.9,244.7,371.0,466.4,506.5,497.7,563.0,552.6,455.4,401.2,503.1,255.3,303.6,619.2,419.1,587.4,552.6,348.5,499.5,498.6,470.3,287.3,501.6,224.5,95.9,498.6,101.7,525.0,634.8,2104.8,293.6,432.6,223.5,458.4,207.0,288.6,142.4,579.8,240.2,218.2,403.4,448.6,185.3,277.0,410.4,401.8,475.1,393.3,254.1,536.5,45.4,542.4,364.0,430.9
QW,640.5,220.3,665.6,40.4,254.2,404.6,205.0,383.1,461.4,335.6,363.6,607.0,276.9,554.0,426.6,492.0,372.6,160.2,514.9,174.9,271.3,620.5,192.8,369.3,609.4,351.0,423.5,222.0,388.3,326.2,329.4,594.3,650.0,312.3,435.9,97.8,640.1,537.1,609.5,605.9,404.9,598.4,153.4,658.8,257.0,438.7,320.9,289.3,114.8,674.7,511.9,476.2,344.5,308.6,66.3,491.7,619.7,401.6,433.3,401.8,209.3,526.3,275.9,639.9,494.1,379.7,606.9,413.1,253.7,229.5,627.3,682.0,188.4,361.2,469.8,129.3,657.2,350.9,365.9,643.5,536.4,144.2,143.4,285.6,609.4,454.9,672.4,544.1,457.3,680.1,81.8,544.3,726.3,330.9,641.8,371.9,433.2,303.7,410.0,609.6,651.9,312.6,52.7,533.7,488.1,328.4,335.2,401.3,170.2,131.1,618.2,420.8,502.9,604.4,0.0,467.7,20.8,549.4,447.2,357.7,475.9,413.6,523.8,556.5,432.3,422.7,167.4,421.4,294.2,121.6,226.0,357.5,426.8,592.9,576.3,166.8,375.4,178.1,130.7,236.5,137.4,335.6,178.5,740.9,422.2,497.2,659.9,335.6,674.9,326.8,293.9,2220.4,587.8,551.2,616.7,361.6,535.2,644.6,500.0,178.1,693.8,601.4,180.9,162.9,571.7,561.8,366.7,514.3,398.8,368.6,591.5,171.0,609.4,185.3,476.5,566.5
RJ,556.2,175.4,581.3,384.7,184.7,320.3,205.2,261.3,377.1,80.5,270.8,522.7,187.8,469.7,245.8,407.7,26.8,337.5,430.6,229.1,167.7,536.2,235.7,241.8,525.1,170.2,252.4,182.1,207.5,159.5,68.3,510.0,565.7,242.8,255.1,374.7,555.8,452.8,525.2,512.5,320.6,514.1,282.1,574.5,195.6,10.0,146.8,214.1,309.8,590.4,427.6,391.9,146.8,150.2,312.3,407.4,535.4,229.1,349.0,224.3,333.7,442.0,218.9,555.6,409.8,286.9,522.6,328.8,147.4,211.7,543.0,597.7,231.3,276.9,385.5,369.7,572.9,266.6,278.5,559.2,452.1,293.8,324.2,222.0,525.1,370.6,588.1,459.8,373.0,595.8,358.7,451.5,642.0,333.9,556.3,180.6,348.9,86.6,315.3,525.3,567.6,315.6,365.5,440.9,403.7,104.3,95.4,220.5,268.0,321.9,529.3,152.0,418.6,520.1,377.9,0.0,398.8,465.1,148.2,176.9,391.6,329.3,505.9,472.2,348.0,241.9,268.8,122.4,225.1,316.6,178.1,176.7,158.0,508.6,492.0,341.9,194.6,392.0,371.1,236.7,294.1,80.5,288.8,656.6,15.7,412.9,575.6,80.5,590.6,106.9,296.9,2059.4,503.5,460.8,532.4,140.1,450.9,560.3,415.7,302.5,609.5,517.1,223.3,232.6,487.4,477.5,185.9,430.0,99.8,336.1,507.2,259.2,525.1,265.1,392.2,482.2
RK,619.6,199.4,644.7,19.5,233.3,383.7,184.1,324.7,440.5,314.7,334.2,586.1,256.0,533.1,405.7,471.1,369.1,139.3,494.0,154.0,250.4,599.6,171.9,356.4,588.5,330.1,397.3,201.1,367.4,305.3,308.5,573.4,629.1,291.4,415.0,130.3,619.2,516.2,588.6,576.5,384.0,577.5,132.5,637.9,236.1,417.8,300.0,263.1,110.6,653.8,491.0,455.3,323.6,287.7,112.1,470.8,598.8,375.4,412.4,384.2,242.6,505.4,255.0,619.0,473.2,350.3,586.0,392.2,224.3,208.6,606.4,661.1,167.5,340.3,448.9,108.4,636.3,330.0,339.7,622.6,515.5,123.3,126.0,264.7,588.5,434.0,651.5,523.2,436.4,659.2,114.3,514.9,705.4,310.0,619.7,351.0,412.3,282.8,383.8,588.7,631.0,291.7,31.8,504.3,467.1,307.5,316.0,380.4,158.9,153.5,592.7,399.9,482.0,583.5,32.4,446.8,0.0,528.5,426.3,336.8,455.0,392.7,497.6,535.6,411.4,401.8,146.5,400.5,273.3,102.4,205.1,336.6,405.9,572.0,555.4,179.1,354.5,157.2,109.8,215.6,116.5,314.7,157.6,720.0,401.3,476.3,639.0,314.7,654.0,305.9,273.0,2199.5,566.9,525.0,595.8,361.2,514.3,623.7,479.1,211.4,672.9,580.5,160.0,142.0,550.8,540.9,345.8,493.4,377.9,342.4,570.6,150.1,588.5,174.0,455.6,545.6
RM,221.4,427.6,274.3,506.2,374.1,281.8,317.3,257.0,161.9,437.1,232.3,162.9,484.2,109.9,377.2,185.7,407.9,471.4,180.7,347.7,286.1,201.4,417.0,362.4,323.5,333.2,383.3,397.9,370.5,344.9,424.9,197.5,253.2,364.1,386.5,590.5,314.6,140.3,323.6,200.6,282.1,154.3,431.0,324.6,464.3,456.6,503.4,269.2,499.3,277.9,314.8,353.4,503.4,433.8,528.1,72.6,222.9,381.4,310.5,387.3,549.5,82.2,495.3,195.8,297.0,248.4,187.8,290.3,452.5,348.3,208.2,237.9,412.6,272.6,312.3,489.7,319.1,262.3,274.2,246.7,118.1,413.8,458.1,376.7,212.6,247.7,253.3,209.9,334.5,261.0,574.5,98.7,307.2,610.3,302.5,415.6,310.4,443.2,311.0,165.5,260.6,592.0,487.0,106.1,314.0,343.2,351.7,383.5,483.8,537.7,216.8,435.6,168.7,185.3,569.1,485.6,536.6,0.0,462.0,339.9,278.8,290.8,424.4,138.2,309.5,404.9,445.0,436.2,501.5,491.1,393.9,339.7,441.6,148.8,242.1,557.7,357.6,525.9,491.1,287.0,438.0,437.1,408.8,344.1,440.1,163.0,240.8,437.1,278.1,463.5,573.3,2043.3,301.9,371.1,219.9,396.9,138.4,200.5,62.9,518.3,297.0,204.6,341.9,387.1,134.6,170.5,348.9,340.3,413.6,331.8,147.6,475.0,190.3,480.9,302.5,369.4
RP,548.1,190.1,573.2,399.4,199.4,312.2,219.9,253.2,369.0,95.2,262.7,514.6,202.5,461.6,237.7,399.6,66.0,352.2,422.5,243.8,159.6,528.1,250.4,233.7,517.0,162.1,244.3,196.8,199.4,151.4,83.0,501.9,557.6,257.5,247.0,389.4,547.7,444.7,517.1,504.4,312.5,506.0,296.8,566.4,210.3,114.7,161.5,206.0,324.5,582.3,419.5,383.8,161.5,164.9,327.0,399.3,527.3,221.0,340.9,216.2,348.4,433.9,233.6,547.5,401.7,278.8,514.5,320.7,162.1,226.4,534.9,589.6,246.0,268.8,377.4,384.4,564.8,258.5,270.4,551.1,444.0,308.5,338.9,236.7,517.0,362.5,580.0,451.7,364.9,587.7,373.4,443.4,633.9,348.6,548.2,172.5,340.8,101.3,307.2,517.2,559.5,330.3,380.2,432.8,395.6,96.2,87.3,212.4,282.7,336.6,521.2,143.9,410.5,512.0,392.6,143.7,413.5,457.0,0.0,168.8,383.5,321.2,497.8,464.1,339.9,233.8,283.5,10.3,239.8,331.3,192.8,168.6,149.9,500.5,483.9,356.6,186.5,406.7,385.8,251.4,308.8,95.2,303.5,648.5,98.2,404.8,567.5,95.2,582.5,121.6,311.6,2051.3,495.4,452.7,524.3,132.0,442.8,552.2,407.6,317.2,601.4,509.0,238.0,247.3,479.3,469.4,177.8,421.9,19.3,328.0,499.1,273.9,517.0,279.8,384.1,474.1
RY,448.2,227.1,473.3,319.1,116.5,212.3,173.9,153.3,269.1,186.1,162.8,414.7,283.7,361.7,68.8,299.7,156.9,284.3,322.6,160.6,59.7,428.2,260.4,96.1,417.1,24.5,92.9,197.4,61.8,92.4,173.9,402.0,457.7,95.1,78.1,390.0,447.8,344.8,417.2,404.5,212.6,406.1,243.9,466.5,263.8,205.6,252.4,106.1,325.1,482.4,319.6,283.9,252.4,227.8,327.6,299.4,427.4,83.4,241.0,78.6,349.0,334.0,294.8,447.6,301.8,178.9,414.6,220.8,252.0,180.4,435.0,489.7,256.0,168.9,277.5,302.6,464.9,158.6,170.5,451.2,344.1,226.7,271.0,107.7,417.1,262.6,480.1,351.8,265.0,487.8,374.0,343.5,534.0,409.8,448.3,181.2,240.9,222.9,207.3,417.3,459.6,391.5,299.9,332.9,295.7,92.2,100.7,43.5,283.3,337.2,421.3,184.6,310.6,412.1,393.2,234.6,414.1,357.1,211.0,0.0,283.6,221.3,397.9,364.2,240.0,96.2,293.5,185.2,301.0,331.9,193.4,31.0,190.6,400.6,384.0,357.2,17.6,338.8,304.0,99.9,250.9,186.1,221.7,548.6,189.1,304.9,467.6,186.1,482.6,212.5,372.8,2000.4,395.5,352.8,424.4,186.7,342.9,452.3,307.7,317.8,501.5,409.1,154.8,257.3,379.4,369.5,40.2,322.0,162.6,228.1,399.2,274.5,417.1,280.4,284.2,374.2
RZ,386.9,351.1,247.2,429.7,297.6,205.3,240.8,180.5,207.8,360.6,155.8,353.4,407.7,300.4,282.7,238.4,331.4,394.9,261.3,271.2,209.6,366.9,340.5,330.2,191.0,256.7,288.8,321.4,313.9,250.4,348.4,369.2,290.4,287.6,292.0,514.0,221.7,283.5,191.1,356.5,164.1,344.8,354.5,312.2,387.8,380.1,426.9,192.7,422.8,426.9,93.5,133.7,426.9,357.3,451.6,238.1,371.9,304.9,174.6,330.7,473.0,272.7,418.8,386.3,75.7,171.9,353.3,155.9,376.0,271.8,373.7,428.4,336.1,196.1,99.2,413.2,238.8,185.8,197.7,276.8,282.8,337.3,378.1,300.2,307.3,201.3,418.8,290.5,111.7,426.5,498.0,282.2,472.7,533.8,222.2,339.2,199.5,366.7,234.5,356.0,233.5,515.5,410.5,271.6,100.9,266.7,273.5,311.0,407.3,461.2,307.0,359.1,249.3,350.8,492.6,409.1,460.1,295.8,385.5,263.4,0.0,214.3,211.3,302.9,136.7,348.3,368.5,359.7,425.0,414.6,317.4,263.2,365.1,339.3,322.7,481.2,281.1,449.4,414.6,210.5,361.5,360.6,332.3,318.8,363.6,243.6,390.0,360.6,368.1,387.0,496.8,1948.8,169.4,158.0,242.3,320.4,312.6,391.0,246.4,441.8,282.6,294.8,265.4,310.6,318.1,308.2,272.4,127.2,337.1,255.3,337.9,398.5,355.8,404.4,89.4,148.1
SE,411.5,301.4,409.5,380.0,247.9,9.0,191.1,130.8,232.4,310.9,68.4,378.0,358.0,325.0,282.6,263.0,281.7,345.2,285.9,221.5,159.9,391.5,290.8,236.2,353.3,207.0,277.1,271.7,244.3,243.7,298.7,365.3,452.7,237.9,291.9,464.3,384.0,308.1,353.4,368.4,47.7,369.4,304.8,474.5,338.1,330.4,377.2,143.0,373.1,445.7,233.1,119.0,377.2,307.6,401.9,262.7,390.7,255.2,54.4,257.8,423.3,297.3,369.1,410.9,251.6,52.3,377.9,55.9,326.3,222.1,398.3,453.0,286.4,146.4,112.6,363.5,401.1,136.1,148.0,439.1,307.4,287.6,328.4,250.5,380.4,225.9,443.4,315.1,100.1,451.1,448.3,306.8,497.3,484.1,384.5,289.4,19.5,317.0,184.8,380.6,395.8,465.8,360.8,296.2,130.8,217.0,225.5,257.3,357.6,411.5,384.6,309.4,273.9,375.4,442.7,359.4,410.4,320.4,335.8,213.7,219.8,0.0,241.2,327.5,75.1,278.7,318.8,310.0,375.3,364.9,267.7,213.5,315.4,363.9,347.3,431.5,231.4,399.7,364.9,160.8,311.8,310.9,282.6,481.1,313.9,268.2,430.9,310.9,445.9,337.3,447.1,1991.4,331.7,187.9,404.6,270.7,306.2,415.6,271.0,392.1,444.9,372.4,215.7,260.9,342.7,332.8,222.7,157.1,287.4,205.6,362.5,348.8,380.4,354.7,119.3,262.0
SP,540.4,405.8,373.1,485.5,422.7,242.2,365.9,297.7,361.3,485.7,243.2,506.9,462.4,453.9,436.2,391.9,456.5,388.1,414.8,396.3,334.7,546.0,378.3,394.5,316.9,381.8,442.3,446.5,419.1,403.9,473.5,495.1,416.3,412.7,445.5,518.7,347.6,437.0,317.0,482.4,193.4,498.3,424.7,438.1,442.5,505.2,552.0,317.8,474.5,552.8,137.9,163.0,552.0,482.4,456.3,391.6,497.8,413.5,203.9,432.6,545.7,426.2,473.5,539.8,156.4,227.1,506.8,185.2,430.7,396.9,545.8,581.9,373.9,321.2,128.5,436.1,364.7,310.9,280.5,402.7,436.3,393.1,412.3,425.3,433.2,354.8,561.1,444.0,141.0,568.8,502.7,435.7,615.0,588.5,348.1,492.7,228.8,491.8,324.6,509.5,359.4,570.2,466.3,425.1,110.2,391.8,400.3,464.5,474.8,486.6,432.9,484.2,402.8,504.3,521.9,534.2,515.9,449.3,510.6,388.5,211.2,248.4,0.0,456.4,166.0,453.5,411.4,484.8,479.7,481.3,442.5,388.3,490.2,492.8,520.6,504.4,406.2,442.6,470.4,335.6,417.3,485.7,388.1,444.7,488.7,397.1,515.9,485.7,494.0,512.1,551.5,2102.3,295.3,63.2,368.2,445.5,438.5,544.5,399.9,514.5,408.5,420.7,390.5,348.4,471.6,461.7,394.8,84.0,462.2,283.2,491.4,466.0,509.3,477.1,121.8,166.8
SY,258.0,444.9,307.1,523.5,391.4,299.1,334.6,274.3,179.2,454.4,249.6,169.0,501.5,103.7,394.5,203.0,425.2,488.7,198.0,365.0,303.4,253.9,434.3,379.7,356.3,350.5,400.6,415.2,387.8,362.2,442.2,230.3,286.0,381.4,403.8,607.8,347.4,173.1,356.4,232.8,299.4,130.1,448.3,341.9,481.6,473.9,520.7,286.5,516.6,310.7,332.1,370.7,520.7,451.1,545.4,125.1,255.7,398.7,327.8,401.3,566.8,76.0,512.6,171.6,314.3,265.7,177.2,307.6,469.8,365.6,260.7,221.1,429.9,289.9,329.6,507.0,351.9,279.6,291.5,279.5,23.3,431.1,475.4,394.0,245.4,265.0,289.9,227.2,351.8,297.6,591.8,151.2,343.8,627.6,336.5,432.9,327.7,460.5,328.3,141.3,293.4,609.3,504.3,158.6,331.4,360.5,369.0,400.8,501.1,555.0,249.6,452.9,186.0,237.8,586.4,502.9,553.9,137.8,479.3,357.2,296.1,308.1,441.7,0.0,326.8,422.2,462.3,453.5,518.8,508.4,411.2,357.0,458.9,124.6,259.4,575.0,374.9,543.2,508.4,304.3,455.3,454.4,426.1,376.9,457.4,180.3,275.1,454.4,310.9,480.8,590.6,2060.6,334.7,388.4,252.7,414.2,171.2,176.3,115.4,535.6,329.8,237.4,359.2,404.4,187.1,32.2,366.2,357.6,430.9,349.1,43.1,492.3,242.8,498.2,319.8,386.7
SZ,420.2,310.1,334.3,388.7,256.6,76.1,199.8,139.5,241.1,319.6,77.1,386.7,366.7,333.7,291.3,271.7,290.4,353.9,294.6,230.2,168.6,400.2,299.5,244.9,278.1,215.7,285.8,280.4,253.0,252.4,307.4,374.0,377.5,246.6,300.6,473.0,308.8,316.8,278.2,376.5,27.3,378.1,313.5,399.3,346.8,339.1,385.9,151.7,381.8,454.4,157.9,43.8,385.9,316.3,410.6,271.4,399.4,263.9,37.8,269.8,432.0,306.0,377.8,419.6,176.4,61.0,386.6,19.1,335.0,230.8,407.0,461.7,295.1,155.1,37.4,372.2,325.9,144.8,156.7,363.9,316.1,296.3,340.6,259.2,394.4,234.6,452.1,323.8,24.9,459.8,457.0,315.5,506.0,492.8,309.3,298.1,62.7,325.7,193.5,389.3,320.6,474.5,369.5,304.9,55.6,225.7,234.2,266.0,366.3,420.2,394.1,318.1,282.6,384.1,451.6,368.1,419.1,329.1,344.5,222.4,144.6,82.3,166.0,336.2,0.0,287.4,327.5,318.7,384.0,373.6,276.4,222.2,324.1,372.6,356.0,440.2,240.1,408.4,373.6,169.5,320.5,319.6,291.3,405.9,322.6,276.9,439.6,319.6,455.2,346.0,455.8,2007.7,256.5,112.7,329.4,279.4,314.9,424.3,279.7,400.8,369.7,381.9,224.4,269.6,351.4,341.5,231.4,81.9,296.1,214.3,371.2,357.5,389.1,363.4,44.1,186.8
TA,506.0,234.4,531.1,376.9,174.3,270.1,231.7,211.1,326.9,243.9,220.6,452.3,291.0,419.5,135.7,357.5,214.7,342.1,380.4,218.4,117.5,486.0,267.7,87.2,474.9,74.4,117.8,204.7,30.8,141.3,231.7,459.8,515.5,152.9,143.5,397.3,505.6,402.6,475.0,462.3,270.4,463.9,301.7,524.3,271.1,263.4,310.2,150.1,332.4,540.2,377.4,341.7,310.2,285.6,334.9,357.2,485.2,99.4,298.8,12.7,356.3,391.8,302.1,505.4,359.6,236.7,472.4,278.6,259.3,238.2,492.8,527.3,263.3,226.7,335.3,360.4,522.7,216.4,228.3,509.0,401.9,284.5,328.8,165.5,474.9,320.4,537.9,409.6,322.8,545.6,381.3,401.3,591.8,417.1,506.1,230.1,298.7,280.7,265.1,475.1,517.4,398.8,357.7,390.7,353.5,150.0,158.5,144.0,290.6,344.5,479.1,242.4,368.4,469.9,400.5,292.4,421.4,414.9,268.8,109.0,341.4,279.1,441.9,422.0,297.8,0.0,300.8,243.0,308.3,339.2,200.7,67.9,248.4,458.4,441.8,364.5,126.7,396.6,361.8,157.7,308.7,243.9,279.5,606.4,246.9,362.7,525.4,243.9,540.4,270.3,380.1,2049.3,453.3,410.6,482.2,235.6,400.7,510.1,365.5,325.1,559.3,466.9,212.6,264.6,437.2,427.3,59.2,379.8,220.4,285.9,457.0,281.8,474.9,287.7,342.0,432.0
TB,550.3,96.9,575.4,158.4,164.0,314.4,114.8,255.4,371.2,224.7,264.9,516.8,153.5,463.8,336.4,401.8,264.7,123.6,424.7,84.7,181.1,530.3,43.5,287.1,519.2,260.8,328.0,112.9,298.1,217.1,218.5,504.1,559.8,222.1,345.7,246.4,549.9,446.9,519.3,506.6,314.7,508.2,13.2,568.6,133.6,313.4,197.5,193.8,151.5,584.5,421.7,386.0,221.1,197.7,215.4,401.5,529.5,306.1,343.1,314.9,236.8,436.1,164.6,549.7,403.9,281.0,516.7,322.9,121.8,139.3,537.1,591.8,47.9,271.0,379.6,141.9,567.0,260.7,270.4,553.3,446.2,66.0,110.3,195.4,519.2,364.7,582.2,453.9,367.1,589.9,230.4,445.6,636.1,279.6,550.4,262.8,343.0,192.8,314.5,519.4,561.7,261.3,139.2,435.0,397.8,208.4,216.9,311.1,171.1,175.0,523.4,300.8,412.7,514.2,221.3,342.4,188.8,459.2,327.2,267.5,385.7,323.4,428.3,466.3,342.1,332.5,0.0,301.4,170.8,143.3,116.9,267.3,306.8,502.7,486.1,225.6,285.2,178.1,143.3,146.3,52.6,224.7,89.6,650.7,296.9,407.0,569.7,224.7,584.7,203.4,242.6,2100.7,497.6,455.7,526.5,262.1,445.0,554.4,409.8,205.6,603.6,511.2,90.7,72.7,481.5,471.6,276.5,424.1,278.8,273.1,501.3,162.3,519.2,168.2,386.3,476.3
TE,537.7,179.7,562.8,389.0,189.0,301.8,209.5,242.8,358.6,84.8,252.3,504.2,192.1,451.2,227.3,389.2,55.6,341.8,412.1,233.4,149.2,517.7,240.0,223.3,506.6,151.7,233.9,186.4,189.0,141.0,72.6,491.5,547.2,247.1,236.6,379.0,537.3,434.3,506.7,494.6,302.1,495.6,286.4,556.0,199.9,104.3,151.1,195.6,314.1,571.9,409.1,373.4,151.1,154.5,316.6,388.9,516.9,210.6,330.5,205.8,338.0,423.5,223.2,537.1,391.3,268.4,504.1,310.3,151.7,216.0,524.5,579.2,235.6,258.4,367.0,374.0,554.4,248.1,260.0,540.7,433.6,298.1,328.5,226.3,506.6,352.1,569.6,441.3,354.5,577.3,363.0,433.0,623.5,338.2,537.8,162.1,330.4,90.9,296.8,506.8,549.1,319.9,369.8,422.4,385.2,85.8,76.9,202.0,272.3,326.2,510.8,133.5,400.1,501.6,382.2,133.3,403.1,446.6,25.8,158.4,373.1,310.8,487.4,453.7,329.5,223.4,273.1,0.0,229.4,320.9,182.4,158.2,139.5,490.1,473.5,346.2,176.1,396.3,375.4,241.0,298.4,84.8,293.1,638.1,87.8,394.4,557.1,84.8,572.1,111.2,301.2,2040.9,485.0,442.3,513.9,121.6,432.4,541.8,397.2,306.8,591.0,498.6,227.6,236.9,468.9,459.0,167.4,411.5,9.0,317.6,488.7,263.5,506.6,269.4,373.7,463.7
TG,623.1,81.2,648.2,303.8,193.7,387.2,195.0,349.8,444.0,186.6,337.7,628.6,75.6,536.6,280.5,474.6,204.8,238.6,497.5,164.9,261.3,603.1,141.5,349.3,592.0,237.1,286.6,104.2,274.4,208.4,198.6,576.9,632.6,251.8,289.8,299.2,622.7,519.7,592.1,579.4,387.5,581.0,187.9,641.4,101.4,253.5,137.6,256.0,210.9,657.3,494.5,458.8,161.2,189.0,231.4,474.3,602.3,296.0,415.9,291.2,252.8,508.9,36.7,622.5,476.7,353.8,589.5,395.7,61.9,219.5,609.9,703.6,137.1,343.8,452.4,286.6,639.8,333.5,332.6,626.1,519.0,199.6,225.3,231.0,592.0,437.5,655.0,526.7,439.9,662.7,283.2,518.4,708.9,158.6,623.2,254.1,415.8,165.0,376.7,592.2,634.5,140.3,284.6,507.8,470.6,199.7,208.2,287.4,115.4,223.0,596.2,285.5,485.5,587.0,282.4,282.5,303.3,532.0,281.7,243.8,458.5,396.2,490.5,539.1,414.9,308.8,174.6,255.9,0.0,217.7,108.2,243.6,291.5,575.5,558.9,272.9,261.5,293.1,276.3,226.5,199.9,186.6,194.6,723.5,237.0,479.8,642.5,186.6,657.5,143.5,121.6,2092.0,570.4,517.9,599.3,253.4,517.8,627.2,482.6,221.6,676.4,584.0,170.9,138.4,554.3,544.4,252.8,538.7,233.3,335.3,574.1,125.3,592.0,184.2,459.1,549.1
TM,592.4,147.6,617.5,126.6,206.1,356.5,156.9,297.5,413.3,257.4,307.0,558.9,204.2,505.9,378.5,443.9,305.8,112.1,466.8,126.8,223.2,572.4,144.7,329.2,561.3,302.9,370.1,145.6,340.2,249.8,251.2,546.2,601.9,264.2,387.8,103.0,592.0,489.0,561.4,548.7,356.8,550.3,105.3,610.7,184.3,354.5,248.2,235.9,8.2,626.6,463.8,428.1,271.8,230.4,66.8,443.6,571.6,348.2,385.2,353.7,187.1,478.2,199.5,591.8,446.0,323.1,558.8,365.0,172.5,181.4,579.2,633.9,140.3,313.1,421.7,93.8,609.1,302.8,312.5,595.4,488.3,96.1,98.8,237.5,561.3,406.8,624.3,496.0,409.2,632.0,87.0,487.7,678.2,254.5,592.5,295.5,385.1,225.5,356.6,561.5,603.8,236.2,91.1,477.1,440.0,241.1,249.6,353.2,103.4,51.0,570.1,333.5,454.8,556.3,77.7,383.5,107.1,501.3,359.9,309.6,427.8,365.5,470.4,508.4,384.2,374.6,119.3,334.1,221.5,0.0,149.6,309.4,339.5,544.8,528.2,154.0,327.3,142.6,95.2,188.4,89.3,257.4,130.4,692.8,338.0,449.1,611.8,257.4,626.8,254.1,217.5,2133.4,539.7,497.8,568.6,294.8,487.1,596.5,451.9,155.9,645.7,553.3,132.8,114.8,523.6,513.7,318.6,466.2,311.5,315.2,543.4,94.6,561.3,118.5,428.4,518.4
TQ,514.8,33.6,539.9,206.5,85.4,278.9,120.4,219.9,335.7,107.7,229.4,481.3,90.2,428.3,172.2,366.3,156.1,159.3,389.2,90.3,126.3,494.8,66.9,200.4,483.7,128.8,178.3,3.9,166.1,100.1,101.5,468.6,524.3,143.5,181.5,196.5,514.4,411.4,483.8,471.1,279.2,472.7,113.3,533.1,70.3,204.8,162.5,181.4,131.6,549.0,386.2,350.5,162.5,80.7,134.1,366.0,494.0,187.7,307.6,182.9,155.5,400.6,101.3,514.2,368.4,245.5,481.2,287.4,58.5,112.4,501.6,556.3,62.5,235.5,344.1,207.3,531.5,225.2,258.0,517.8,410.7,125.0,146.0,122.7,483.7,329.2,546.7,418.4,331.6,554.4,180.5,410.1,600.6,216.3,514.9,145.8,307.5,75.8,302.1,483.9,526.2,198.0,187.3,399.5,362.3,91.4,99.9,179.1,89.8,143.7,487.9,183.8,377.2,478.7,199.7,233.8,220.6,423.7,210.2,135.5,350.2,287.9,415.9,430.8,306.6,200.5,100.0,184.4,107.5,138.4,0.0,135.3,189.8,467.2,450.6,163.7,153.2,213.8,197.0,151.9,125.3,107.7,120.0,615.2,188.3,371.5,534.2,107.7,549.2,122.6,179.3,1983.7,462.1,443.3,491.0,145.1,409.5,518.9,374.3,124.3,568.1,475.7,96.3,63.8,446.0,436.1,144.5,388.6,161.8,260.7,465.8,81.0,483.7,86.9,350.8,440.8
TV,438.0,166.4,463.1,308.9,106.3,202.1,163.7,143.1,258.9,175.9,152.6,404.5,223.0,351.5,93.5,289.5,146.7,274.1,312.4,150.4,49.5,418.0,199.7,65.0,406.9,6.5,75.6,136.7,30.7,99.1,163.7,391.8,447.5,84.9,101.3,329.3,437.6,334.6,407.0,394.9,202.4,395.9,233.7,456.3,203.1,195.4,242.2,95.9,264.4,472.2,309.4,273.7,242.2,217.6,266.9,289.2,417.2,52.3,230.8,47.5,288.3,323.8,234.1,437.4,291.6,168.7,404.4,210.6,191.3,170.2,424.8,479.5,195.3,158.7,267.3,292.4,454.7,148.4,160.3,441.0,333.9,216.5,260.8,97.5,406.9,252.4,469.9,341.6,254.8,477.6,313.3,333.3,523.8,349.1,438.1,187.9,230.7,212.7,197.1,407.1,449.4,330.8,289.7,322.7,285.5,82.0,90.5,84.6,222.6,276.5,411.1,174.4,300.4,401.9,332.5,224.4,353.4,346.9,200.8,41.0,273.4,211.1,387.7,354.0,229.8,65.1,232.8,175.0,240.3,271.2,132.7,0.0,180.4,390.4,373.8,296.5,58.7,328.6,293.8,89.7,240.7,175.9,211.5,538.4,178.9,294.7,457.4,175.9,472.4,202.3,312.1,2007.1,385.3,342.6,414.2,193.4,332.7,442.1,297.5,257.1,491.3,398.9,144.6,196.6,369.2,359.3,9.1,311.8,152.4,217.9,389.0,213.8,406.9,219.7,274.0,364.0
UA,555.5,275.3,580.6,453.7,266.6,319.6,287.1,260.6,376.4,208.1,270.1,522.0,287.7,469.0,245.1,407.0,226.3,419.4,429.9,311.0,167.0,535.5,335.6,241.1,524.4,169.5,251.7,264.0,206.8,158.8,220.1,509.3,565.0,220.4,254.4,443.7,555.1,452.1,524.5,512.4,319.9,513.4,382.0,573.8,295.5,275.0,246.7,213.4,391.7,589.7,426.9,391.2,246.7,232.1,381.3,406.7,534.7,228.4,348.3,223.6,433.4,441.3,318.8,554.9,409.1,286.2,521.9,328.1,247.3,293.6,542.3,597.0,331.2,276.2,384.8,453.0,572.2,265.9,277.8,558.5,451.4,377.1,406.1,303.9,524.4,369.9,587.4,459.1,372.3,595.1,427.7,450.8,641.3,433.8,555.6,179.9,348.2,168.5,314.6,524.6,566.9,415.5,434.5,440.2,403.0,103.6,94.7,219.8,349.9,403.8,528.6,6.0,417.9,519.4,446.9,304.0,467.8,464.4,197.7,176.2,390.9,328.6,505.2,471.5,347.3,241.2,368.7,171.9,325.0,398.5,260.0,176.0,0.0,507.9,491.3,368.1,193.9,473.9,454.4,207.2,394.0,208.1,372.1,655.9,258.5,412.2,574.9,208.1,589.9,206.8,396.8,2043.5,502.8,460.1,531.7,139.4,450.2,559.6,415.0,402.2,608.8,516.4,305.2,332.5,486.7,476.8,185.2,429.3,149.3,335.4,506.5,341.1,524.4,347.0,391.5,481.5
UD,221.3,477.1,323.8,555.7,423.6,331.3,366.8,306.5,211.4,486.6,281.8,132.3,533.7,120.7,426.7,235.2,457.4,520.9,230.2,397.2,335.6,250.9,466.5,411.9,373.0,382.7,432.8,447.4,420.0,394.4,474.4,247.0,302.7,413.6,436.0,640.0,364.1,189.8,373.1,249.5,331.6,93.4,480.5,374.1,513.8,506.1,552.9,318.7,548.8,327.4,364.3,402.9,552.9,483.3,577.6,122.1,272.4,430.9,360.0,436.8,599.0,93.0,544.8,134.9,346.5,297.9,140.5,339.8,502.0,397.8,257.7,184.4,462.1,322.1,361.8,539.2,344.1,311.8,323.7,296.2,110.9,463.3,507.6,426.2,262.1,297.2,253.2,259.4,384.0,260.9,624.0,148.2,307.1,659.8,352.0,465.1,359.9,492.7,360.5,104.6,310.1,641.5,536.5,155.6,363.5,392.7,401.2,433.0,533.3,587.2,266.3,485.1,218.2,234.8,618.6,535.1,586.1,134.8,511.5,389.4,328.3,340.3,473.9,131.0,359.0,454.4,494.5,485.7,551.0,540.6,443.4,389.2,491.1,0.0,291.6,607.2,407.1,575.4,540.6,336.5,487.5,486.6,458.3,393.6,489.6,212.5,238.4,486.6,273.9,513.0,622.8,2092.8,351.4,420.6,269.4,446.4,187.9,139.6,112.4,567.8,346.5,254.1,391.4,436.6,184.1,163.3,398.4,389.8,463.1,381.3,140.4,524.5,239.8,530.4,352.0,418.9
UF,345.3,446.6,267.4,525.2,393.1,300.8,336.3,276.0,155.4,456.1,251.3,311.8,503.2,258.8,396.2,124.8,426.9,490.4,89.6,366.7,305.1,325.3,436.0,381.4,270.8,352.2,402.3,416.9,389.5,363.9,443.9,299.1,310.6,383.1,405.5,609.5,173.5,241.9,270.9,301.6,301.1,303.2,450.0,82.5,483.3,475.6,522.4,288.2,518.3,379.5,333.8,372.4,522.4,452.8,547.1,196.5,324.5,400.4,329.5,403.0,568.5,231.1,514.3,344.7,316.0,267.4,311.7,309.3,471.5,367.3,332.1,386.8,431.6,291.6,331.3,508.7,266.4,281.3,293.2,297.0,231.7,432.8,473.6,395.7,327.5,266.7,377.2,32.1,353.5,384.9,593.5,240.6,431.1,629.3,249.8,434.6,329.4,462.2,330.0,314.4,253.7,611.0,506.0,230.0,333.1,362.2,369.0,402.5,502.8,556.7,331.8,454.6,137.6,309.2,587.9,504.6,555.6,254.2,481.0,358.9,297.8,309.8,443.4,251.8,328.5,423.9,464.0,455.2,520.5,510.1,412.9,358.7,460.6,297.7,0.0,576.7,376.6,544.9,510.1,306.0,457.0,456.1,427.8,346.4,459.1,69.0,364.7,456.1,379.7,482.5,592.3,2062.3,249.2,390.1,262.5,415.9,240.0,349.4,204.8,537.3,310.1,315.0,360.9,406.1,276.5,266.6,367.9,359.3,432.6,350.8,296.5,494.0,314.2,499.9,321.5,388.4
UH,653.2,162.3,678.3,154.8,249.8,417.3,247.0,366.8,474.1,272.1,367.8,645.6,218.9,566.7,336.6,504.7,320.5,202.2,527.6,216.9,308.0,633.2,234.8,366.3,622.1,293.2,342.7,160.3,330.5,264.5,265.9,607.0,662.7,307.9,345.9,144.8,652.8,549.8,622.2,609.5,417.6,611.1,195.4,671.5,199.0,369.2,262.9,273.0,143.8,687.4,524.6,488.9,286.5,245.1,82.4,504.4,632.4,385.3,446.0,347.3,134.5,539.0,230.0,652.6,506.8,383.9,619.6,425.8,187.2,271.5,640.0,720.6,230.4,414.3,482.5,171.3,669.9,404.0,349.6,656.2,549.1,186.2,188.9,287.1,622.1,467.6,685.1,556.8,470.0,692.8,128.8,548.5,739.0,287.2,653.3,310.2,445.9,240.2,393.7,622.3,664.6,268.9,135.6,537.9,500.7,255.8,264.3,343.5,136.1,160.1,626.3,348.2,515.6,617.1,148.0,398.2,168.9,562.1,374.6,299.9,488.6,426.3,507.5,569.2,445.0,364.9,209.4,348.8,236.2,150.6,164.3,299.7,354.2,605.6,589.0,0.0,317.6,220.1,172.7,278.5,179.4,272.1,220.5,753.6,352.7,509.9,672.6,272.1,687.6,268.8,250.2,2148.1,600.5,534.9,629.4,309.5,547.9,657.3,512.7,103.3,706.5,614.1,222.9,204.9,584.4,574.5,308.9,555.7,326.2,352.3,604.2,127.3,622.1,111.6,489.2,638.5
UN,476.1,225.1,501.2,398.0,144.4,240.2,201.8,181.2,297.0,258.3,190.7,442.6,281.7,389.6,66.8,327.6,184.8,350.8,350.5,188.5,87.6,456.1,258.4,132.3,445.0,52.4,90.9,195.4,89.7,90.4,201.8,429.9,485.6,123.0,76.1,388.0,475.7,372.7,445.1,432.4,240.5,434.0,304.8,494.4,261.8,233.5,313.1,134.0,323.1,510.3,347.5,311.8,313.1,231.3,325.6,327.3,455.3,111.3,268.9,106.5,347.0,361.9,292.8,475.5,329.7,206.8,442.5,248.7,250.0,208.3,462.9,517.6,254.0,196.8,305.4,330.5,492.8,186.5,198.4,479.1,372.0,254.6,337.5,135.6,445.0,290.5,508.0,379.7,292.9,515.7,372.0,371.4,561.9,407.8,476.2,179.2,268.8,226.4,235.2,445.2,487.5,389.5,378.8,360.8,323.6,120.1,128.6,41.5,281.3,335.2,449.2,212.5,338.5,440.0,391.2,262.5,412.1,385.0,238.9,27.8,311.5,249.2,425.8,392.1,267.9,124.1,291.5,213.1,299.0,329.9,191.4,58.9,218.5,428.5,411.9,355.2,0.0,405.3,331.9,127.8,316.8,258.3,249.6,576.5,217.0,332.8,495.5,258.3,510.5,273.2,370.8,1998.4,423.4,380.7,452.3,184.7,370.8,480.2,335.6,315.8,529.4,437.0,182.7,255.3,407.3,397.4,68.1,349.9,190.5,256.0,427.1,272.5,445.0,278.4,312.1,402.1
UP,594.1,198.6,619.2,161.4,246.8,358.2,197.6,307.7,415.0,308.4,308.7,586.5,255.2,507.6,366.0,445.6,370.7,43.2,468.5,167.5,248.9,574.1,185.4,307.2,563.0,322.7,348.1,196.6,321.2,300.8,302.2,547.9,603.6,304.9,373.8,242.4,593.7,490.7,563.1,550.4,358.5,552.0,146.0,612.4,235.3,419.4,299.2,213.9,154.1,628.3,465.5,429.8,322.8,281.4,206.2,445.3,573.3,326.2,386.9,338.0,238.1,479.9,250.5,593.5,447.7,324.8,560.5,366.7,223.5,222.1,580.9,661.5,181.0,355.2,423.4,76.1,610.8,344.9,290.5,597.1,490.0,136.8,95.4,278.2,563.0,408.5,626.0,497.7,410.9,633.7,226.4,489.4,679.9,305.5,594.2,346.5,386.8,276.5,334.6,563.2,605.5,287.2,142.2,478.8,441.6,306.0,314.5,374.3,154.4,166.2,567.2,398.4,456.5,558.0,225.6,448.4,191.8,503.0,424.8,302.7,429.5,367.2,448.4,510.1,385.9,355.6,160.0,399.0,272.5,160.9,200.6,316.2,404.4,546.5,529.9,228.6,320.4,0.0,67.4,229.1,130.0,308.4,187.7,694.5,402.9,450.8,613.5,308.4,628.5,305.1,268.5,2174.0,541.4,475.8,570.3,359.7,488.8,598.2,453.6,206.9,647.4,555.0,173.5,155.5,525.3,515.4,307.5,496.6,376.4,293.2,545.1,145.6,563.0,169.5,430.1,579.4
UW,608.6,188.4,633.7,93.9,222.3,372.7,173.1,342.3,429.5,303.7,323.2,621.1,245.0,522.1,400.6,460.1,358.1,84.2,483.0,143.0,239.4,588.6,160.9,341.8,577.5,319.1,382.7,190.1,355.8,294.3,297.5,562.4,618.1,280.4,408.4,175.4,608.2,505.2,577.6,564.9,373.0,566.5,121.5,626.9,225.1,406.8,289.0,248.5,99.6,642.8,480.0,444.3,312.6,276.7,113.0,459.8,587.8,360.8,401.4,372.6,203.6,494.4,244.0,608.0,462.2,339.3,575.0,381.2,213.3,197.6,595.4,696.1,156.5,329.3,437.9,37.8,625.3,319.0,325.1,611.6,504.5,112.3,136.4,253.7,577.5,423.0,640.5,512.2,425.4,648.2,159.4,503.9,694.4,299.0,608.7,340.0,401.3,271.8,369.2,577.7,620.0,280.7,74.7,493.3,456.1,296.5,305.0,369.4,147.9,142.5,581.7,388.9,471.0,572.5,156.8,435.8,124.3,517.5,415.3,325.8,444.0,381.7,483.0,524.6,400.4,390.2,135.5,389.5,262.3,91.4,194.1,325.6,394.9,561.0,544.4,161.1,343.5,47.3,0.0,204.6,105.5,303.7,146.6,709.0,390.3,465.3,628.0,303.7,643.0,294.9,262.0,2188.5,555.9,510.4,584.8,350.2,503.3,612.7,468.1,172.4,661.9,569.5,149.0,131.0,539.8,529.9,342.1,531.2,366.9,327.8,559.6,139.1,577.5,163.0,444.6,534.6
UX,403.9,157.4,429.0,219.1,79.3,168.0,30.2,109.0,224.8,185.7,118.5,370.4,214.0,317.4,157.4,255.4,156.5,184.3,278.3,60.6,34.7,383.9,129.9,135.0,372.8,81.8,164.0,146.5,119.1,118.5,173.5,357.7,413.4,112.7,166.7,307.1,403.5,300.5,372.9,360.8,168.3,361.8,143.9,422.2,194.1,205.2,252.0,61.8,212.2,438.1,275.3,239.6,252.0,160.3,238.2,255.1,383.1,154.0,196.7,135.9,298.1,289.7,225.1,403.3,257.5,134.6,370.3,176.5,182.3,61.2,390.7,445.4,125.5,124.6,233.2,202.6,420.6,114.3,126.2,406.9,299.8,126.7,171.0,88.5,372.8,218.3,435.8,307.5,220.7,443.5,291.1,299.2,489.7,340.1,404.0,164.2,196.6,155.4,163.0,373.0,415.3,321.8,199.9,288.6,251.4,91.8,100.3,132.1,223.9,235.7,377.0,184.2,266.3,367.8,282.0,234.2,249.5,312.8,210.6,88.5,239.3,177.0,353.6,319.9,195.7,153.5,157.9,184.8,231.3,204.0,142.5,88.3,190.2,356.3,339.7,286.3,106.2,238.8,204.0,0.0,150.9,185.7,121.7,504.3,188.7,260.6,423.3,185.7,438.3,212.1,303.1,1983.8,351.2,308.5,380.1,145.5,298.6,408.0,263.4,266.9,457.2,364.8,54.8,100.0,335.1,325.2,97.5,277.7,162.2,183.8,354.9,215.1,372.8,229.5,239.9,329.9
VE,547.2,124.3,572.3,132.3,160.9,311.3,111.7,252.3,368.1,242.3,261.8,513.7,180.9,460.7,333.3,398.7,296.7,97.5,421.6,81.6,178.0,527.2,70.9,284.0,516.1,257.7,324.9,140.3,295.0,244.5,236.1,501.0,556.7,219.0,342.6,220.3,546.8,443.8,516.2,504.1,311.6,505.1,60.1,565.5,161.0,345.4,224.9,190.7,125.4,581.4,418.6,382.9,248.5,215.3,151.4,398.4,526.4,303.0,340.0,311.8,220.8,433.0,192.0,546.6,400.8,277.9,513.6,319.8,149.2,136.2,534.0,588.7,75.3,267.9,376.5,115.8,563.9,257.6,267.3,550.2,443.1,50.9,84.2,192.3,516.1,361.6,579.1,450.8,364.0,586.8,204.3,442.5,633.0,307.0,547.3,290.2,339.9,210.4,311.4,516.3,558.6,288.7,113.1,431.9,394.7,235.1,243.6,308.0,137.1,148.9,520.3,327.5,409.6,511.1,195.2,374.4,162.7,456.1,353.9,264.4,382.6,320.3,425.2,463.2,339.0,329.4,74.1,328.1,198.2,117.2,144.3,264.2,333.5,499.6,483.0,199.5,282.1,152.0,117.2,143.2,0.0,242.3,85.2,647.6,328.9,403.9,566.6,242.3,581.6,230.8,270.0,2127.1,494.5,452.6,523.4,288.8,441.9,551.3,406.7,189.6,600.5,508.1,87.6,69.6,478.4,468.5,273.4,421.0,305.5,270.0,498.2,128.3,516.1,152.2,383.2,473.2
VG,561.5,133.3,586.6,342.6,142.6,325.6,163.1,266.6,382.4,0.0,276.1,528.0,145.7,475.0,247.4,413.0,76.6,295.4,435.9,187.0,173.0,541.5,193.6,247.1,530.4,175.5,253.5,140.0,212.8,175.3,70.4,515.3,571.0,200.7,256.7,332.6,561.1,458.1,530.5,517.8,325.9,519.4,240.0,579.8,153.5,125.3,104.7,308.1,267.7,595.7,432.9,397.2,104.7,108.1,270.2,412.7,540.7,234.4,354.3,229.6,291.6,447.3,176.8,560.9,415.1,292.2,527.9,334.1,105.3,169.6,548.3,603.0,189.2,282.2,390.8,327.6,578.2,271.9,283.8,564.5,457.4,251.7,282.1,179.9,530.4,375.9,593.4,465.1,378.3,601.1,316.6,456.8,647.3,291.8,561.6,185.9,354.2,44.5,320.6,530.6,572.9,273.5,323.4,446.2,409.0,109.6,100.7,225.8,225.9,279.8,534.6,157.3,423.9,525.4,335.8,154.3,356.7,470.4,153.5,182.2,396.9,334.6,542.6,477.5,353.3,247.2,226.7,127.7,183.0,274.5,136.0,182.0,163.3,513.9,497.3,299.8,199.9,349.9,329.0,194.6,252.0,0.0,246.7,661.9,108.8,418.2,580.9,0.0,595.9,64.8,254.8,2058.9,508.8,466.1,537.7,145.4,456.2,565.6,421.0,260.4,614.8,522.4,181.2,190.5,492.7,482.8,191.2,435.3,105.1,341.4,512.5,217.1,530.4,223.0,397.5,487.5
VK,535.9,115.7,561.0,152.6,149.6,300.0,100.4,241.0,356.8,231.0,250.5,502.4,172.3,449.4,322.0,387.4,285.4,117.8,410.3,70.3,166.7,515.9,88.2,272.7,504.8,246.4,313.6,131.7,283.7,235.9,224.8,489.7,545.4,207.7,331.3,240.6,535.5,432.5,504.9,492.8,300.3,493.8,77.4,554.2,152.4,334.1,216.3,179.4,145.7,570.1,407.3,371.6,239.9,204.0,171.7,387.1,515.1,291.7,328.7,300.5,241.1,421.7,183.4,535.3,389.5,266.6,502.3,308.5,140.6,124.9,522.7,577.4,83.8,256.6,365.2,136.1,552.6,246.3,256.0,538.9,431.8,44.2,102.2,181.0,504.8,350.3,567.8,439.5,352.7,575.5,224.6,431.2,621.7,298.4,536.0,281.6,328.6,199.1,300.1,505.0,547.3,280.1,133.4,420.6,383.4,223.8,232.3,296.7,157.4,169.2,509.0,316.2,398.3,499.8,215.5,363.1,183.0,444.8,342.6,253.1,371.3,309.0,413.9,451.9,327.7,318.1,91.4,316.8,189.6,137.5,135.7,252.9,322.2,488.3,471.7,219.8,270.8,172.3,137.5,131.9,84.4,231.0,0.0,636.3,317.6,392.6,555.3,231.0,570.3,222.2,261.4,2115.8,483.2,441.3,512.1,277.5,430.6,540.0,395.4,209.9,589.2,496.8,76.3,58.3,467.1,457.2,262.1,409.7,294.2,258.7,486.9,148.6,504.8,172.5,371.9,461.9
VL,244.3,615.7,121.9,694.3,562.2,469.9,505.4,445.1,350.0,625.2,420.4,292.9,672.3,335.7,565.6,373.8,596.0,659.5,368.8,535.8,474.2,226.7,605.1,550.5,139.6,521.3,571.7,586.0,558.6,533.3,613.0,227.3,183.1,552.2,574.9,778.6,171.3,244.8,156.6,249.8,447.0,279.5,619.1,261.8,652.4,644.7,691.5,457.3,687.4,256.7,308.6,416.6,691.5,621.9,716.2,300.6,218.4,569.5,457.5,572.1,737.6,363.0,683.4,377.3,290.8,436.5,244.5,438.8,640.6,536.4,246.1,305.1,600.7,460.7,382.1,677.8,77.9,450.4,462.3,131.0,353.7,601.9,642.7,564.8,161.5,435.8,241.8,376.5,394.6,249.5,762.6,279.2,295.7,798.4,93.3,622.1,482.4,631.3,499.1,313.4,108.2,780.1,675.1,269.2,383.9,531.3,538.1,593.9,671.9,725.8,204.3,623.7,356.8,273.3,757.0,673.7,724.7,368.0,650.1,528.0,320.4,478.9,436.6,373.8,419.6,593.0,633.1,624.3,689.6,679.2,582.0,527.8,629.7,403.7,344.3,745.8,545.7,714.0,679.2,475.1,626.1,625.2,596.9,0.0,628.2,351.1,196.6,625.2,174.7,651.6,761.4,2231.7,151.2,383.3,135.0,585.0,205.3,382.0,290.6,706.4,55.0,187.5,530.0,575.2,260.7,396.5,537.0,394.6,601.7,519.9,436.2,663.1,237.8,669.0,372.3,363.2
VN,540.5,159.7,565.6,369.0,169.0,304.6,189.5,245.6,361.4,64.8,255.1,507.0,172.1,454.0,230.1,392.0,11.1,321.8,414.9,213.4,152.0,520.5,220.0,226.1,509.4,154.5,236.7,166.4,191.8,143.8,52.6,494.3,550.0,227.1,239.4,359.0,540.1,437.1,509.5,496.8,304.9,498.4,266.4,558.8,179.9,16.5,131.1,198.4,294.1,574.7,411.9,376.2,131.1,134.5,296.6,391.7,519.7,213.4,333.3,208.6,318.0,426.3,203.2,539.9,394.1,271.2,506.9,313.1,131.7,196.0,527.3,582.0,215.6,261.2,369.8,354.0,557.2,250.9,262.8,543.5,436.4,278.1,308.5,206.3,509.4,354.9,572.4,444.1,357.3,580.1,343.0,435.8,626.3,318.2,540.6,164.9,333.2,70.9,299.6,509.6,551.9,299.9,349.8,425.2,388.0,88.6,79.7,204.8,252.3,306.2,513.6,136.3,402.9,504.4,362.2,45.5,383.1,449.4,132.5,161.2,375.9,313.6,490.2,456.5,332.3,226.2,253.1,106.7,209.4,300.9,162.4,161.0,142.3,492.9,476.3,326.2,178.9,376.3,355.4,221.0,278.4,64.8,273.1,640.9,0.0,397.2,559.9,64.8,574.9,91.2,281.2,2043.7,487.8,445.1,516.7,124.4,435.2,544.6,400.0,286.8,593.8,501.4,207.6,216.9,471.7,461.8,170.2,414.3,84.1,320.4,491.5,243.5,509.4,249.4,376.5,466.5
VT,276.2,377.5,346.5,456.1,324.0,231.7,267.2,206.9,86.3,387.0,182.2,242.7,434.1,189.7,327.1,55.7,357.8,421.3,17.6,297.6,236.0,256.2,366.9,312.3,362.2,283.1,333.2,347.8,320.4,294.8,374.8,230.0,285.7,314.0,336.4,540.4,252.6,172.8,362.3,232.5,232.0,234.1,380.9,161.5,414.2,406.5,453.3,219.1,449.2,310.4,264.7,303.3,453.3,383.7,478.0,127.4,255.4,331.3,260.4,337.2,499.4,162.0,445.2,275.6,246.9,198.3,242.6,240.2,402.4,298.2,263.0,317.7,362.5,222.5,262.2,439.6,345.5,212.2,224.1,279.2,162.6,363.7,408.0,326.6,245.1,197.6,308.1,46.8,284.4,315.8,524.4,171.5,362.0,560.2,328.9,365.5,260.3,393.1,260.9,245.3,332.8,541.9,436.9,160.9,263.9,293.1,301.6,333.4,433.7,487.6,249.3,385.5,68.5,240.1,519.0,435.5,486.5,185.1,411.9,289.8,228.7,240.7,374.3,182.7,259.4,354.8,394.9,386.1,451.4,441.0,343.8,289.6,391.5,228.6,79.0,507.6,307.5,475.8,441.0,236.9,387.9,387.0,358.7,376.6,390.0,0.0,295.6,387.0,310.6,413.4,523.2,1993.2,340.6,321.0,252.4,346.8,170.9,280.3,135.7,468.2,329.5,237.1,291.8,337.0,207.4,197.5,298.8,290.2,363.5,281.7,227.4,424.9,245.1,430.8,252.4,319.3
VY,92.4,525.5,226.8,604.1,472.0,379.7,415.2,354.9,259.8,535.0,330.2,141.0,582.1,183.8,475.1,283.6,505.8,569.3,278.6,445.6,384.0,29.3,514.9,460.3,232.1,431.1,481.2,495.8,468.4,442.8,522.8,130.7,235.6,462.0,484.4,688.4,285.1,148.2,226.7,248.0,380.0,127.6,528.9,375.6,562.2,554.5,601.3,367.1,597.2,103.9,412.7,451.3,601.3,531.7,626.0,148.7,65.6,479.3,408.4,485.2,647.4,211.1,593.2,225.4,394.9,346.3,92.6,388.2,550.4,446.2,93.3,153.2,510.5,370.5,410.2,587.6,170.4,360.2,372.1,151.8,254.8,511.7,556.0,474.6,120.2,345.6,89.9,307.8,432.4,97.6,672.4,182.6,143.8,708.2,187.0,513.5,408.3,541.1,408.9,161.5,213.1,689.9,584.9,117.3,411.9,441.1,449.6,481.4,581.7,635.6,209.2,533.5,266.6,75.9,667.0,583.5,634.5,248.2,559.9,437.8,376.7,388.7,522.3,274.9,407.4,502.8,542.9,534.1,599.4,589.0,491.8,437.6,539.5,251.8,340.0,655.6,455.5,623.8,589.0,384.9,535.9,535.0,506.7,266.1,538.0,260.9,0.0,535.0,35.9,561.4,671.2,2141.2,272.4,469.0,202.3,494.8,185.8,230.1,178.8,616.2,219.0,197.0,439.8,485.0,164.1,244.6,446.8,438.2,511.5,429.7,284.3,572.9,40.4,578.8,400.4,467.3
VZ,561.5,133.3,586.6,342.6,142.6,325.6,163.1,266.6,382.4,0.0,276.1,528.0,145.7,475.0,247.4,413.0,76.6,295.4,435.9,187.0,173.0,541.5,193.6,247.1,530.4,175.5,253.5,140.0,212.8,175.3,70.4,515.3,571.0,200.7,256.7,332.6,561.1,458.1,530.5,517.8,325.9,519.4,240.0,579.8,153.5,125.3,104.7,308.1,267.7,595.7,432.9,397.2,104.7,108.1,270.2,412.7,540.7,234.4,354.3,229.6,291.6,447.3,176.8,560.9,415.1,292.2,527.9,334.1,105.3,169.6,548.3,603.0,189.2,282.2,390.8,327.6,578.2,271.9,283.8,564.5,457.4,251.7,282.1,179.9,530.4,375.9,593.4,465.1,378.3,601.1,316.6,456.8,647.3,291.8,561.6,185.9,354.2,44.5,320.6,530.6,572.9,273.5,323.4,446.2,409.0,109.6,100.7,225.8,225.9,279.8,534.6,157.3,423.9,525.4,335.8,154.3,356.7,470.4,153.5,182.2,396.9,334.6,542.6,477.5,353.3,247.2,226.7,127.7,183.0,274.5,136.0,182.0,163.3,513.9,497.3,299.8,199.9,349.9,329.0,194.6,252.0,0.0,246.7,661.9,108.8,418.2,580.9,0.0,595.9,64.8,254.8,2058.9,508.8,466.1,537.7,145.4,456.2,565.6,421.0,260.4,614.8,522.4,181.2,190.5,492.7,482.8,191.2,435.3,105.1,341.4,512.5,217.1,530.4,223.0,397.5,487.5
WC,126.9,546.7,204.8,625.3,493.2,400.9,436.4,376.1,281.0,556.2,351.4,175.5,603.3,218.3,496.3,304.8,527.0,590.5,299.8,466.8,405.2,63.8,536.1,481.5,210.8,452.3,502.4,517.0,489.6,464.0,544.0,108.7,213.6,483.2,505.6,709.6,263.1,126.2,205.4,225.4,401.2,162.1,550.1,353.6,583.4,575.7,622.5,388.3,618.4,81.9,385.3,472.5,622.5,552.9,647.2,169.9,43.6,500.5,429.6,506.4,668.6,245.6,614.4,259.9,367.5,367.5,127.1,409.4,571.6,467.4,71.3,187.7,531.7,391.7,431.4,608.8,149.1,381.4,393.3,129.8,289.3,532.9,577.2,495.8,98.2,366.8,124.4,329.0,453.6,132.1,693.6,160.6,178.3,729.4,165.7,534.7,429.5,562.3,430.1,196.0,191.1,711.1,606.1,151.8,433.1,462.3,470.8,502.6,602.9,656.8,187.2,554.7,287.8,110.2,688.2,604.7,655.7,279.8,581.1,459.0,397.9,409.9,513.3,309.4,428.6,524.0,564.1,555.3,620.6,610.2,513.0,458.8,560.7,286.3,361.2,676.8,476.7,645.0,610.2,406.1,557.1,556.2,527.9,244.1,559.2,282.1,34.4,556.2,0.0,582.6,692.4,2162.4,250.4,460.0,180.3,516.0,163.8,264.6,200.0,637.4,197.0,175.0,461.0,506.2,142.1,279.1,468.0,459.4,532.7,450.9,318.8,594.1,74.9,600.0,421.6,439.9
WF,592.2,94.5,617.3,312.4,165.6,356.3,186.1,297.3,413.1,89.1,306.8,558.7,106.9,505.7,270.4,443.7,107.3,265.2,466.6,178.2,203.7,572.2,154.8,277.8,561.1,206.2,276.5,117.5,243.5,198.3,101.1,546.0,601.7,223.7,279.7,302.4,591.8,488.8,561.2,548.5,356.6,550.1,201.2,610.5,114.7,156.0,65.9,269.3,237.5,626.4,463.6,427.9,65.9,131.1,240.0,443.4,571.4,265.1,385.0,257.0,261.4,478.0,138.0,591.6,445.8,322.9,558.6,364.8,66.5,192.6,579.0,633.7,150.4,312.9,421.5,288.8,608.9,302.6,345.9,595.2,488.1,212.9,248.4,202.9,561.1,406.6,624.1,495.8,409.0,631.8,286.4,487.5,678.0,253.0,592.3,244.0,384.9,67.5,390.0,561.3,603.6,234.7,293.2,476.9,439.8,140.3,131.4,256.5,209.8,249.6,569.9,188.0,454.6,556.1,305.6,185.0,326.5,501.1,184.2,212.9,427.6,365.3,503.8,508.2,384.0,277.9,187.9,158.4,144.2,244.3,121.5,212.7,194.0,544.6,528.0,269.6,230.6,319.7,290.2,217.6,213.2,89.1,207.9,692.6,139.5,448.9,611.6,89.1,626.6,0.0,216.0,2094.0,539.5,531.2,568.4,176.1,486.9,596.3,451.7,230.2,645.5,553.1,184.2,151.7,523.4,513.5,221.9,466.0,135.8,348.6,543.2,186.9,561.1,192.8,428.2,518.2
WH,660.1,143.2,685.2,253.7,230.7,424.2,251.3,408.5,481.0,253.0,374.7,626.6,131.9,573.6,317.5,511.6,261.1,188.5,534.5,221.2,271.6,640.1,196.5,345.7,629.0,274.1,323.6,141.2,311.4,245.4,246.8,613.9,669.6,288.8,326.8,249.1,659.7,556.7,629.1,616.4,424.5,618.0,199.7,678.4,179.9,309.8,193.9,314.7,160.8,694.3,531.5,495.8,217.5,226.0,181.3,511.3,639.3,333.0,452.9,328.2,202.7,545.9,73.5,659.5,513.7,390.8,626.5,432.7,118.2,257.7,646.9,701.6,192.1,380.8,489.4,236.5,676.8,370.5,391.3,663.1,556.0,190.5,175.2,268.0,629.0,474.5,692.0,563.7,476.9,699.7,233.1,555.4,745.9,37.0,660.2,291.1,452.8,221.1,435.4,629.2,671.5,18.6,234.5,544.8,507.6,236.7,245.2,324.4,65.3,172.9,633.2,329.1,522.5,624.0,232.3,338.8,253.2,569.0,338.0,280.8,495.5,433.2,549.2,576.1,451.9,345.8,213.7,312.2,122.7,167.6,145.2,280.6,335.1,612.5,595.9,210.9,298.5,243.0,226.2,282.8,183.7,253.0,224.8,760.5,293.3,516.8,679.5,253.0,694.5,199.8,0.0,2129.0,607.4,576.6,636.3,290.4,554.8,664.2,519.6,171.5,713.4,621.0,227.2,193.4,591.3,581.4,289.8,533.9,289.6,394.0,611.1,75.2,629.0,134.1,496.1,586.1
WJ,1936.6,1994.2,2138.4,2167.1,1985.1,1968.1,2003.6,1943.3,1928.7,2027.4,1918.6,1981.1,2050.8,2021.3,1891.8,1959.3,1992.5,2119.9,1982.2,2034.0,1942.7,2087.8,2027.5,1939.3,2098.6,1945.2,1897.9,1964.5,1923.0,1859.5,2021.2,2061.6,2117.3,2023.0,1901.1,2157.1,2129.3,2004.4,2098.7,2064.7,1968.4,1984.7,2073.9,2126.1,2030.9,2041.2,2082.2,1955.5,2092.2,2142.0,2001.1,2039.7,2082.2,2000.4,2094.7,1959.0,2087.0,1969.5,1996.8,1939.8,2116.1,1993.6,2061.9,2107.2,1983.3,1934.7,1986.3,1976.6,2019.1,2012.1,2094.6,2000.9,2023.1,1958.9,1998.6,2167.9,2144.5,1948.6,1960.5,2110.8,2003.7,2100.1,2106.6,2022.4,2076.7,1922.2,2053.6,2011.4,2020.8,2061.3,2141.1,2003.1,2107.5,2176.9,2129.8,1948.3,1996.7,1995.5,1997.3,2076.9,2124.7,2158.6,2147.9,1992.5,2000.3,1927.8,1936.3,1920.1,2050.4,2104.3,2080.9,2057.1,1970.2,2071.7,2160.3,2070.2,2181.2,2016.7,2046.6,1932.0,1965.1,1977.1,2110.7,2023.8,1995.8,1957.4,2060.6,2020.8,2068.1,2099.0,1960.5,1951.7,2063.1,2060.2,2043.6,2124.3,1939.8,2174.4,2157.6,1973.3,2085.9,2027.4,2095.1,2208.2,2024.7,1964.5,2038.8,2027.4,2074.3,2042.3,2139.9,0.0,2077.0,2057.4,2084.0,1967.2,2002.5,2111.9,1967.3,2084.9,2161.1,2068.7,2028.2,2024.4,2039.0,2029.1,1929.3,2026.6,1998.2,2018.1,2058.8,2041.6,2076.7,2047.5,1988.8,2055.7
WN,288.3,480.9,95.9,559.5,427.4,335.1,370.6,310.3,306.0,490.4,285.6,336.9,537.5,328.6,412.5,329.8,461.2,524.7,324.8,401.0,339.4,270.7,470.3,460.0,21.5,386.5,418.6,451.2,443.7,380.2,478.2,217.9,139.1,417.4,421.8,643.8,70.4,208.9,21.6,205.2,293.9,323.5,484.3,160.9,517.6,509.9,556.7,322.5,552.6,300.7,155.5,263.5,556.7,487.1,581.4,292.5,220.6,434.7,304.4,460.5,602.8,300.9,548.6,421.3,137.7,301.7,288.5,285.7,505.8,401.6,290.1,349.1,465.9,325.9,229.0,543.0,93.2,315.6,327.5,125.5,309.7,467.1,511.4,430.0,156.0,331.1,285.8,275.6,241.5,293.5,627.8,255.0,339.7,663.6,76.6,469.0,329.3,496.5,364.3,357.4,82.2,645.3,540.3,313.2,230.7,396.5,405.0,440.8,537.1,591.0,155.7,488.9,312.8,317.3,622.4,538.9,589.9,324.0,515.3,393.2,167.3,344.1,283.5,329.8,266.5,478.1,498.3,489.5,554.8,544.4,447.2,393.0,494.9,367.5,243.4,611.0,410.9,579.2,544.4,340.3,491.3,490.4,462.1,173.2,493.4,307.1,240.6,490.4,218.7,516.8,626.6,2078.6,0.0,230.2,91.0,450.2,161.3,426.0,246.6,571.6,137.0,143.5,395.2,440.4,255.2,344.6,402.2,241.5,466.9,385.1,364.8,528.3,281.8,534.2,219.2,210.1
WO,477.1,412.9,309.8,491.5,359.4,178.9,302.6,242.3,298.0,422.4,179.9,443.6,469.5,390.6,372.9,328.6,393.2,456.7,351.5,333.0,271.4,482.7,402.3,347.7,253.6,318.5,379.0,383.2,355.8,340.6,410.2,431.8,353.0,349.4,382.2,575.8,284.3,373.7,253.7,419.7,130.1,435.0,416.3,374.8,449.6,441.9,488.7,254.5,484.6,489.5,74.6,99.7,488.7,419.1,513.4,328.3,434.5,366.7,140.6,372.6,534.8,362.9,480.6,476.5,93.1,163.8,443.5,121.9,437.8,333.6,482.5,518.6,397.9,257.9,65.2,475.0,301.4,247.6,259.5,339.4,373.0,399.1,443.4,362.0,369.9,291.5,497.8,380.7,77.7,505.5,559.8,372.4,551.7,595.6,284.8,429.4,165.5,428.5,296.3,446.2,296.1,577.3,472.3,361.8,47.0,328.5,337.0,401.2,469.1,523.0,369.6,420.9,339.5,441.0,554.4,470.9,521.9,386.0,447.3,325.2,147.9,185.1,53.2,393.1,102.7,390.2,430.3,421.5,486.8,476.4,379.2,325.0,426.9,429.5,457.3,543.0,342.9,511.2,476.4,272.3,423.3,422.4,394.1,381.4,425.4,333.8,452.6,422.4,430.7,448.8,558.6,2039.0,232.0,0.0,304.9,382.2,375.2,481.2,336.6,503.6,345.2,357.4,327.2,372.4,408.3,398.4,334.2,20.7,398.9,317.1,428.1,460.3,446.0,466.2,58.5,103.5
WP,298.0,480.6,54.3,559.2,427.1,334.8,370.3,310.0,214.9,490.1,285.3,290.5,537.2,237.5,430.2,238.7,460.9,524.4,233.7,400.7,339.1,244.1,470.0,415.4,103.5,386.2,436.3,450.9,423.5,397.9,477.9,126.8,48.0,417.1,439.5,643.5,94.6,117.8,103.6,114.7,335.1,281.9,484.0,185.1,517.3,509.6,556.4,322.2,552.3,214.0,239.3,347.3,556.4,486.8,581.1,201.4,159.0,434.4,363.5,440.3,602.5,209.8,548.3,323.4,221.5,301.4,298.2,343.3,505.5,401.3,207.0,358.8,465.6,325.6,312.8,542.7,99.1,315.3,327.2,63.9,218.6,466.8,507.6,429.7,94.4,300.7,295.5,262.9,325.3,303.2,627.5,163.9,349.4,663.3,82.5,468.6,363.4,496.2,364.0,293.1,40.6,645.0,540.0,234.9,314.5,396.2,403.0,436.5,536.8,590.7,64.6,488.6,221.7,245.9,621.9,538.6,589.6,232.9,515.0,392.9,251.1,343.8,367.3,238.7,362.5,457.9,498.0,489.2,554.5,544.1,446.9,392.7,494.6,276.4,267.6,610.7,410.6,578.9,544.1,340.0,491.0,490.1,461.8,124.1,493.1,216.0,214.7,490.1,214.2,516.5,626.3,2096.3,81.9,314.0,0.0,449.9,70.2,328.1,155.5,571.3,77.0,52.4,394.9,440.1,164.8,253.5,401.9,325.3,466.6,384.8,273.7,528.0,255.2,533.9,303.0,293.9
WQ,512.5,193.5,537.6,366.4,184.4,276.6,194.5,217.6,333.4,156.6,227.1,479.0,263.9,426.0,164.3,363.9,127.3,319.2,386.9,224.9,124.0,492.5,226.8,211.8,481.4,126.5,170.4,163.8,163.8,115.8,144.4,466.3,522.0,177.4,173.6,356.4,512.1,409.1,481.5,469.3,276.9,470.4,273.2,530.8,230.2,176.1,222.9,170.4,291.5,546.7,383.9,348.2,222.9,199.7,293.9,363.6,491.7,185.4,305.3,177.3,315.4,398.2,261.2,511.9,366.1,243.2,478.9,285.1,223.4,211.4,499.3,554.0,222.4,233.2,341.8,366.9,529.2,222.9,234.8,515.5,408.4,291.0,302.4,189.9,481.4,326.9,544.4,416.1,329.3,552.1,340.3,407.7,598.3,376.2,513.8,77.9,305.2,162.7,271.6,481.6,523.8,357.9,347.2,397.2,360.0,60.6,69.5,176.8,249.7,303.6,490.2,155.1,374.8,476.4,351.1,205.1,380.5,421.4,181.5,133.2,347.8,285.5,462.1,428.4,304.3,198.2,259.9,155.7,267.4,298.3,159.8,133.0,161.1,464.9,448.3,323.6,150.9,373.7,368.3,164.2,285.2,156.6,286.0,612.8,159.6,369.2,531.9,156.6,546.9,182.9,339.2,1948.3,459.8,417.1,488.7,0.0,407.2,516.6,371.9,284.2,565.7,473.4,219.1,223.7,443.7,433.8,142.2,386.3,133.1,292.4,463.5,240.9,481.4,246.8,348.5,438.4
WR,276.7,410.3,135.8,488.9,356.8,264.5,300.0,239.7,144.6,419.8,215.0,220.2,466.9,167.2,359.9,168.4,390.6,454.1,163.4,330.4,268.8,213.6,399.7,345.1,185.0,315.9,366.0,380.6,353.2,327.6,407.6,63.4,114.7,346.8,369.2,573.2,176.1,47.5,185.1,61.5,264.8,211.6,413.7,266.6,447.0,439.3,486.1,251.9,482.0,183.5,297.5,336.1,486.1,416.5,510.8,131.1,128.5,364.1,293.2,370.0,532.2,139.5,478.0,253.1,279.7,231.1,246.3,273.0,435.2,331.0,176.5,295.2,395.3,255.3,295.0,472.4,180.6,245.0,256.9,108.2,148.3,396.5,440.8,359.4,74.1,230.4,274.2,192.6,317.2,281.9,557.2,93.6,328.1,593.0,164.0,398.3,293.1,425.9,293.7,222.8,122.1,574.7,469.7,164.6,296.7,325.9,334.4,366.2,466.5,520.4,78.3,418.3,151.4,215.4,551.8,468.3,519.3,162.6,444.7,322.6,261.5,273.5,407.1,168.4,292.2,387.6,427.7,418.9,484.2,473.8,376.6,322.4,424.3,206.1,224.8,540.4,340.3,508.6,473.8,269.7,420.7,419.8,391.5,205.6,422.8,145.7,184.2,419.8,183.7,446.2,556.0,2026.0,163.4,353.8,81.4,379.6,0.0,257.8,85.2,501.0,158.5,66.1,324.6,369.8,94.5,183.2,331.6,323.0,396.3,314.5,203.4,457.7,224.7,463.6,285.2,352.1
WV,221.1,510.3,357.0,588.9,456.8,364.5,400.0,339.7,244.6,519.8,315.0,132.1,566.9,153.9,459.9,268.4,490.6,554.1,263.4,430.4,368.8,268.3,499.7,445.1,406.2,415.9,466.0,480.6,453.2,427.6,507.6,280.2,335.9,446.8,469.2,673.2,397.3,223.0,406.3,282.7,364.8,93.2,513.7,407.3,547.0,539.3,586.1,351.9,582.0,360.6,397.5,436.1,586.1,516.5,610.8,155.3,305.6,464.1,393.2,470.0,632.2,126.2,578.0,3.7,379.7,331.1,140.3,373.0,535.2,431.0,290.9,184.2,495.3,355.3,395.0,572.4,343.9,345.0,356.9,329.4,144.1,496.5,540.8,459.4,295.3,330.4,253.0,292.6,417.2,260.7,657.2,181.4,306.9,693.0,360.5,498.3,393.1,525.9,393.7,104.4,343.3,674.7,569.7,188.8,396.7,425.9,434.4,466.2,566.5,620.4,299.5,518.3,251.4,268.0,651.8,568.3,619.3,168.0,544.7,422.6,361.5,373.5,507.1,164.2,392.2,487.6,527.7,518.9,584.2,573.8,476.6,422.4,524.3,141.1,324.8,640.4,440.3,608.6,573.8,369.7,520.7,519.8,491.5,411.4,522.8,245.7,238.2,519.8,273.7,546.2,656.0,2126.0,384.6,453.8,302.6,479.6,221.1,0.0,145.6,601.0,379.7,287.3,424.6,469.8,217.3,196.5,431.6,423.0,496.3,414.5,173.6,557.7,273.0,563.6,385.2,452.1
XI,186.4,372.6,211.3,451.2,319.1,226.8,262.3,202.0,106.9,382.1,177.3,134.9,429.2,81.9,322.2,130.7,352.9,416.4,125.7,292.7,231.1,166.4,362.0,307.4,260.5,278.2,328.3,342.9,315.5,289.9,369.9,134.5,190.2,309.1,331.5,535.5,251.6,77.3,260.6,137.6,227.1,126.3,376.0,269.6,409.3,401.6,448.4,214.2,444.3,214.9,259.8,298.4,448.4,378.8,473.1,37.6,159.9,326.4,255.5,329.0,494.5,54.2,440.3,167.8,242.0,193.4,152.8,235.3,397.5,293.3,173.2,209.9,357.6,217.6,257.3,434.7,256.1,207.3,219.2,183.7,90.1,358.8,403.1,321.7,149.6,192.7,218.3,154.9,279.5,226.0,519.5,35.7,272.2,555.3,240.7,360.6,255.4,388.2,256.0,137.5,197.6,537.0,432.0,71.1,259.1,288.2,296.7,328.5,428.8,482.7,153.8,380.6,113.7,150.3,513.9,430.6,481.6,77.3,407.0,284.9,223.8,235.8,369.4,110.2,254.5,349.9,390.0,381.2,446.5,436.1,338.9,284.7,386.6,120.8,187.1,502.7,302.6,470.9,436.1,232.0,383.0,382.1,353.8,281.1,385.1,108.0,215.6,382.1,215.1,408.5,518.3,1988.3,238.9,316.1,156.9,341.9,75.4,172.5,0.0,463.3,234.0,141.6,286.9,332.1,71.6,142.5,293.9,285.3,358.6,276.8,119.6,420.0,155.3,425.9,247.5,314.4
XP,622.0,105.1,647.1,148.3,192.6,386.1,211.9,327.1,442.9,214.9,336.6,588.5,161.7,535.5,279.4,473.5,263.3,168.4,496.4,181.8,233.5,602.0,158.4,307.6,590.9,236.0,285.5,103.1,273.3,207.3,208.7,575.8,631.5,250.7,288.7,138.3,621.6,518.6,591.0,578.9,386.4,579.9,179.6,640.3,141.8,312.0,205.7,266.5,137.3,656.2,493.4,457.7,229.3,187.9,75.9,473.2,601.2,294.9,414.8,290.1,31.1,507.8,172.8,621.4,475.6,352.7,588.4,394.6,130.0,219.6,608.8,663.5,154.0,342.7,451.3,164.8,638.7,332.4,343.1,625.0,517.9,170.4,155.1,229.9,590.9,436.4,653.9,525.6,438.8,661.6,122.3,517.3,707.8,230.0,622.1,253.0,414.7,183.0,387.2,591.1,633.4,211.7,129.1,506.7,469.5,198.6,207.1,286.3,78.9,152.8,595.1,291.0,484.4,585.9,141.5,341.0,162.4,530.9,317.4,242.7,457.4,395.1,501.0,538.0,413.8,307.7,193.6,291.6,179.0,144.1,107.1,242.5,297.0,574.4,557.8,105.5,260.4,222.9,166.2,243.4,163.6,214.9,204.7,722.4,295.5,478.7,641.4,214.9,656.4,211.6,193.0,2090.9,569.3,528.4,598.2,252.3,516.7,626.1,481.5,0.0,675.3,582.9,187.8,155.3,553.2,543.3,251.7,495.8,269.0,345.8,573.0,70.1,590.9,54.4,458.0,548.0
XQ,230.1,560.6,66.8,639.2,507.1,414.8,450.3,390.0,294.9,570.1,365.3,278.7,617.2,321.5,526.8,318.7,540.9,604.4,313.7,480.7,419.1,212.5,550.0,495.4,125.4,466.2,532.9,530.9,503.5,494.5,557.9,172.2,128.0,497.1,536.1,723.5,125.1,189.7,134.1,194.1,415.1,265.3,564.0,215.6,597.3,589.6,636.4,402.2,632.3,226.0,269.8,377.8,636.4,566.8,661.1,286.4,171.0,514.4,418.7,520.3,682.5,289.8,628.3,363.1,252.0,381.4,230.3,400.0,585.5,481.3,219.0,290.9,545.6,405.6,343.3,622.7,63.7,395.3,407.2,75.9,298.6,546.8,587.6,509.7,106.4,380.7,227.6,330.3,355.8,235.3,707.5,224.1,281.5,743.3,80.3,583.3,443.4,576.2,444.0,299.2,53.1,725.0,620.0,255.0,345.1,476.2,483.0,516.5,616.8,670.7,144.6,568.6,301.7,257.9,701.9,618.6,669.6,312.9,595.0,472.9,281.6,423.8,397.8,318.7,380.8,537.9,578.0,569.2,634.5,624.1,526.9,472.7,574.6,356.4,298.1,690.7,490.6,658.9,624.1,420.0,571.0,570.1,541.8,47.0,573.1,296.0,182.4,570.1,160.5,596.5,706.3,2192.9,112.4,344.5,79.9,529.9,150.2,367.8,235.5,651.3,0.0,132.4,474.9,520.1,205.6,333.5,481.9,355.8,546.6,464.8,353.7,608.0,223.6,613.9,333.5,324.4
XS,265.6,463.0,114.5,541.6,409.5,317.2,352.7,292.4,197.3,472.5,267.7,272.9,519.6,219.9,412.6,221.1,443.3,506.8,216.1,383.1,321.5,202.5,452.4,397.8,163.7,368.6,418.7,433.3,405.9,380.3,460.3,118.6,93.4,399.5,421.9,625.9,154.8,100.2,163.8,96.5,317.5,264.3,466.4,245.3,499.7,492.0,538.8,304.6,534.7,172.4,299.5,388.8,538.8,469.2,563.5,183.8,117.4,416.8,345.9,419.4,584.9,192.2,530.7,305.8,281.7,283.8,265.8,325.7,487.9,383.7,165.4,326.4,448.0,308.0,347.7,525.1,159.3,297.7,309.6,86.9,201.0,449.2,490.0,412.1,52.8,283.1,263.1,245.3,369.9,270.8,609.9,146.3,317.0,645.7,142.7,451.0,345.8,478.6,346.4,275.5,100.8,627.4,522.4,217.3,349.5,378.6,385.4,418.9,519.2,573.1,16.7,471.0,204.1,204.3,604.5,521.0,572.0,215.3,497.4,375.3,314.2,326.2,427.5,221.1,344.9,440.3,480.4,471.6,536.9,526.5,429.3,375.1,477.0,258.8,277.5,593.1,393.0,561.3,526.5,322.4,473.4,472.5,444.2,184.3,475.5,198.4,173.1,472.5,172.6,498.9,608.7,2078.7,142.1,374.2,60.1,432.3,52.6,310.5,137.9,553.7,137.2,0.0,377.3,422.5,152.0,235.9,384.3,375.7,449.0,367.2,256.1,510.4,213.6,516.3,337.9,354.1
XU,459.5,102.5,484.6,164.2,73.2,223.6,24.0,164.6,280.4,154.6,174.1,426.0,159.1,373.0,245.6,311.0,209.0,129.4,333.9,5.7,90.3,439.5,75.0,190.6,428.4,170.0,252.2,109.7,207.3,165.0,148.4,413.3,469.0,131.3,254.9,252.2,459.1,356.1,428.5,416.4,223.9,417.4,89.0,477.8,139.2,257.7,209.4,146.2,157.3,493.7,330.9,295.2,209.4,127.6,183.3,310.7,438.7,228.9,252.3,224.1,242.4,345.3,170.2,458.9,313.1,190.2,425.9,232.1,127.4,48.5,446.3,501.0,70.6,180.2,288.8,147.7,476.2,169.9,222.8,462.5,355.4,71.8,116.1,104.6,428.4,273.9,491.4,363.1,276.3,499.1,236.2,354.8,545.3,285.2,459.6,210.7,252.2,122.7,218.6,428.6,470.9,266.9,145.0,344.2,307.0,147.4,155.9,220.3,169.0,180.8,432.6,239.8,321.9,423.4,227.1,286.7,194.6,368.4,266.2,176.7,294.9,232.6,380.7,375.5,251.3,241.7,103.0,240.4,176.4,149.1,105.7,176.5,245.8,411.9,395.3,231.4,194.4,183.9,149.1,55.5,96.0,154.6,66.8,559.9,241.2,316.2,478.9,154.6,493.9,169.5,248.2,2039.4,406.8,408.1,435.7,201.1,354.2,463.6,319.0,211.2,512.8,420.4,0.0,45.1,390.7,380.8,185.7,333.3,217.8,225.5,410.5,160.2,428.4,173.8,295.5,385.5
XW,492.0,57.3,517.1,153.5,105.7,256.1,56.5,211.3,312.9,187.1,206.6,490.1,113.9,405.5,269.6,343.5,225.1,118.7,366.4,26.4,122.8,472.0,29.8,210.8,460.9,202.5,251.7,73.3,224.8,177.5,180.9,445.8,501.5,163.8,277.4,238.2,491.6,388.6,461.0,448.9,256.4,449.9,76.2,510.3,94.0,273.8,157.9,117.5,173.3,526.2,363.4,327.7,181.5,160.1,175.8,343.2,471.2,229.8,284.8,241.6,197.2,377.8,125.0,491.4,345.6,222.7,458.4,264.6,82.2,81.0,478.8,565.1,25.4,212.7,321.3,137.0,508.7,202.4,194.1,495.0,387.9,61.1,105.4,137.1,460.9,306.4,523.9,395.6,308.8,531.6,222.2,387.3,577.8,240.0,492.1,223.2,284.7,155.2,238.2,461.1,503.4,221.7,134.3,376.7,339.5,179.9,188.4,252.8,131.5,185.4,465.1,272.3,354.4,455.9,241.4,302.8,183.9,400.9,298.7,209.2,327.4,265.1,352.0,408.0,283.8,259.2,62.9,272.9,131.2,138.4,77.3,209.0,278.3,444.4,427.8,205.4,226.9,173.2,138.4,88.0,88.2,187.1,56.1,592.4,257.3,348.7,511.4,187.1,526.4,163.8,203.0,2071.9,439.3,379.4,468.2,233.6,386.7,496.1,351.5,166.0,545.3,452.9,32.4,0.0,423.2,413.3,211.1,400.2,250.3,196.8,443.0,122.7,460.9,128.6,328.0,418.0
YB,257.5,432.9,226.6,511.5,379.4,287.1,322.6,262.3,167.2,442.4,237.6,195.2,489.5,142.2,382.5,191.0,413.2,476.7,186.0,353.0,291.4,194.4,422.3,367.7,273.4,338.5,388.6,403.2,375.8,350.2,430.2,83.9,203.1,369.4,391.8,595.8,264.5,77.8,273.5,149.9,287.4,186.6,436.3,329.9,469.6,461.9,508.7,274.5,504.6,164.3,320.1,358.7,508.7,439.1,533.4,97.9,109.3,386.7,315.8,392.6,554.8,114.5,500.6,228.1,302.3,253.7,213.1,295.6,457.8,353.6,157.3,270.2,417.9,277.9,317.6,495.0,282.6,267.6,279.5,151.6,150.4,419.1,459.9,382.0,120.0,253.0,255.0,215.2,339.8,262.7,579.8,18.5,308.9,615.6,252.4,420.9,315.7,448.5,316.3,197.8,212.9,597.3,492.3,131.4,319.4,348.5,355.3,388.8,489.1,543.0,171.3,440.9,174.0,196.2,574.2,490.9,541.9,137.6,467.3,345.2,284.1,296.1,429.7,170.5,314.8,410.2,450.3,441.5,506.8,496.4,399.2,345.0,446.9,181.1,247.4,563.0,362.9,531.2,496.4,292.3,443.3,442.4,414.1,265.9,445.4,168.3,165.0,442.4,164.5,468.8,578.6,2048.6,251.8,376.4,169.8,402.2,88.3,232.8,60.2,523.6,218.8,154.5,347.2,392.4,0.0,202.8,354.2,345.6,418.9,337.1,179.9,480.3,205.5,486.2,307.8,374.7
YI,275.8,452.6,314.8,531.2,399.1,306.8,342.3,282.0,186.9,462.1,257.3,128.9,509.2,137.2,402.2,210.7,432.9,496.4,205.7,372.7,311.1,282.2,442.0,387.4,364.0,358.2,408.3,422.9,415.8,369.9,449.9,238.0,293.7,389.1,411.5,615.5,355.1,180.8,364.1,240.5,307.1,163.6,456.0,349.6,489.3,481.6,528.4,294.2,524.3,318.4,339.8,378.4,528.4,458.8,553.1,153.4,263.4,406.4,335.5,412.3,574.5,109.5,520.3,205.1,322.0,273.4,210.7,315.3,477.5,373.3,289.0,203.9,437.6,297.6,337.3,514.7,359.6,287.3,299.2,287.2,56.8,438.8,483.1,401.7,253.1,272.7,323.4,234.9,359.5,331.1,599.5,184.7,377.3,635.3,343.0,440.6,335.4,468.2,336.0,174.8,301.1,617.0,512.0,186.9,339.0,368.2,376.7,408.5,508.8,562.7,257.3,460.6,193.7,266.1,594.1,510.6,561.6,171.3,487.0,364.9,303.8,315.8,449.4,33.4,334.5,429.9,470.0,461.2,526.5,516.1,418.9,364.7,466.6,158.1,267.1,582.7,382.6,550.9,516.1,312.0,463.0,462.1,433.8,384.6,465.1,188.0,319.1,462.1,318.6,488.5,598.3,2068.3,342.4,396.1,260.4,421.9,178.9,209.8,148.9,543.3,337.5,245.1,366.9,412.1,220.6,0.0,373.9,365.3,438.6,356.8,47.7,500.0,271.1,505.9,327.5,394.4
YT,446.7,175.1,471.8,317.6,115.0,210.8,172.4,151.8,267.6,184.6,161.3,413.2,231.7,360.2,84.3,298.2,155.4,282.8,321.1,159.1,58.2,426.7,208.4,55.8,415.6,15.1,66.4,145.4,21.5,89.9,172.4,400.5,456.2,93.6,92.1,338.0,446.3,343.3,415.7,403.6,211.1,404.6,242.4,465.0,211.8,204.1,250.9,104.6,273.1,480.9,318.1,282.4,250.9,226.3,275.6,297.9,425.9,40.1,239.5,38.3,297.0,332.5,242.8,446.1,300.3,177.4,413.1,219.3,200.0,178.9,433.5,488.2,204.0,167.4,276.0,301.1,463.4,157.1,169.0,449.7,342.6,225.2,269.5,106.2,415.6,261.1,478.6,350.3,263.5,486.3,322.0,342.0,532.5,357.8,446.8,178.7,239.4,221.4,205.8,415.8,458.1,339.5,298.4,331.4,294.2,90.7,99.2,92.6,231.3,285.2,419.8,183.1,309.1,410.6,341.2,233.1,362.1,355.6,209.5,49.7,282.1,219.8,396.4,362.7,238.5,55.9,241.5,183.7,249.0,279.9,141.4,8.6,189.1,399.1,382.5,305.2,67.4,337.3,302.5,98.4,249.4,184.6,220.2,547.1,187.6,303.4,466.1,184.6,481.1,211.0,320.8,1997.9,394.0,351.3,422.9,184.2,341.4,450.8,306.2,265.8,500.0,407.6,153.3,205.3,377.9,368.0,0.0,320.5,161.1,226.6,397.7,222.5,415.6,228.4,282.7,372.7
YX,456.3,392.1,311.1,470.7,338.6,158.1,281.8,221.5,277.2,401.6,159.1,422.8,448.7,369.8,352.1,307.8,372.4,435.9,330.7,312.2,250.6,436.3,381.5,326.9,254.9,297.7,358.2,362.4,335.0,319.8,389.4,433.1,354.3,328.6,361.4,555.0,285.6,352.9,255.0,420.4,109.3,414.2,395.5,376.1,428.8,421.1,467.9,233.7,463.8,490.8,75.9,78.9,467.9,398.3,492.6,307.5,435.8,345.9,119.8,348.5,514.0,342.1,459.8,455.7,94.4,143.0,422.7,101.1,417.0,312.8,443.1,497.8,377.1,237.1,44.4,454.2,302.7,226.8,238.7,340.7,352.2,378.3,419.1,341.2,371.2,270.7,499.1,359.9,56.9,506.8,539.0,351.6,553.0,574.8,286.1,408.6,144.7,407.7,275.5,425.4,297.4,556.5,451.5,341.0,26.2,307.7,314.5,380.4,448.3,502.2,370.9,400.1,318.7,420.2,533.4,450.1,501.1,365.2,426.5,304.4,149.2,164.3,84.0,372.3,81.9,369.4,409.5,400.7,466.0,455.6,358.4,304.2,406.1,408.7,392.1,522.2,322.1,490.4,455.6,251.5,402.5,401.6,373.3,382.7,404.6,313.0,453.9,401.6,432.0,428.0,537.8,2018.2,233.3,30.7,306.2,361.4,376.5,460.4,315.8,482.8,346.5,358.7,306.4,351.6,387.5,377.6,313.4,0.0,378.1,296.3,407.3,439.5,425.2,445.4,37.7,104.8
ZA,528.7,170.7,553.8,380.0,180.0,292.8,200.5,233.8,349.6,75.8,243.3,495.2,183.1,442.2,218.3,380.2,46.6,332.8,403.1,224.4,140.2,508.7,231.0,214.3,497.6,142.7,224.9,177.4,180.0,132.0,63.6,482.5,538.2,238.1,227.6,370.0,528.3,425.3,497.7,485.0,293.1,486.6,277.4,547.0,190.9,95.3,142.1,186.6,305.1,562.9,400.1,364.4,142.1,145.5,307.6,379.9,507.9,201.6,321.5,196.8,329.0,414.5,214.2,528.1,382.3,259.4,495.1,301.3,142.7,207.0,515.5,570.2,226.6,249.4,358.0,365.0,545.4,239.1,251.0,531.7,424.6,289.1,319.5,217.3,497.6,343.1,560.6,432.3,345.5,568.3,354.0,424.0,614.5,329.2,528.8,153.1,321.4,81.9,287.8,497.8,540.1,310.9,360.8,413.4,376.2,76.8,67.9,193.0,263.3,317.2,501.8,124.5,391.1,492.6,373.2,124.3,394.1,437.6,48.4,149.4,364.1,301.8,478.4,444.7,320.5,214.4,264.1,22.5,220.4,311.9,173.4,149.2,130.5,481.1,464.5,337.2,167.1,387.3,366.4,232.0,289.4,75.8,284.1,629.1,78.8,385.4,548.1,75.8,563.1,102.2,292.2,2031.9,476.0,433.3,504.9,112.6,423.4,532.8,388.2,297.8,582.0,489.6,218.6,227.9,459.9,450.0,158.4,402.5,0.0,308.6,479.7,254.5,497.6,260.4,364.7,454.7
ZD,428.0,283.7,453.1,362.3,230.2,192.1,173.4,53.8,248.9,293.2,142.6,394.5,340.3,341.5,264.9,279.5,264.0,258.4,302.4,203.8,142.2,408.0,273.1,218.5,396.9,189.3,259.4,254.0,226.6,226.0,281.0,381.8,437.5,220.2,274.2,446.6,427.6,324.6,397.0,384.9,192.4,385.9,287.1,446.3,320.4,312.7,359.5,125.3,355.4,462.2,390.8,263.7,359.5,289.9,384.2,279.2,407.2,237.5,220.8,243.4,405.6,313.8,351.4,427.4,281.6,158.7,394.4,200.6,308.6,204.4,414.8,469.5,268.7,101.3,257.3,345.8,444.7,91.0,36.6,431.0,323.9,269.9,314.2,232.8,396.9,242.4,459.9,331.6,244.8,467.6,430.6,323.3,513.8,466.4,428.1,271.7,220.7,299.3,80.7,397.1,439.4,448.1,343.1,312.7,363.2,199.3,207.8,239.6,339.9,393.8,401.1,291.7,290.4,391.9,425.2,341.7,392.7,336.9,318.1,196.0,263.4,201.1,288.7,344.0,219.8,261.0,301.1,292.3,357.6,347.2,250.0,195.8,297.7,380.4,363.8,374.7,213.7,312.9,347.2,143.1,294.1,293.2,264.9,528.4,296.2,284.7,447.4,293.2,462.4,319.6,429.4,2007.9,375.3,316.1,404.2,253.0,322.7,432.1,287.5,374.4,481.3,388.9,198.0,243.2,359.2,349.3,205.0,336.9,269.7,0.0,379.0,331.1,396.9,337.0,264.0,419.7
ZG,263.4,475.9,332.2,554.5,422.4,330.1,365.6,305.3,210.2,485.4,280.6,174.4,532.5,109.1,425.5,234.0,456.2,519.7,229.0,396.0,334.4,259.3,465.3,410.7,381.4,381.5,431.6,446.2,418.8,393.2,473.2,255.4,311.1,412.4,434.8,638.8,372.5,198.2,381.5,257.9,330.4,135.5,479.3,372.9,512.6,504.9,551.7,317.5,547.6,335.8,363.1,401.7,551.7,482.1,576.4,130.5,280.8,429.7,358.8,435.6,597.8,81.4,543.6,177.0,345.3,296.7,182.6,338.6,500.8,396.6,266.1,226.5,460.9,320.9,360.6,538.0,377.0,310.6,322.5,304.6,57.9,462.1,506.4,425.0,270.5,296.0,295.3,258.2,382.8,303.0,622.8,156.6,349.2,658.6,360.4,463.9,358.7,491.5,359.3,146.7,318.5,640.3,535.3,164.0,362.3,391.5,400.0,431.8,532.1,586.0,274.7,483.9,217.0,243.2,617.4,533.9,584.9,143.2,510.3,388.2,327.1,339.1,472.7,34.5,357.8,453.2,493.3,484.5,549.8,539.4,442.2,388.0,489.9,130.0,290.4,606.0,405.9,574.2,539.4,335.3,486.3,485.4,457.1,402.0,488.4,211.3,280.5,485.4,336.0,511.8,621.6,2091.6,359.8,419.4,277.8,445.2,196.3,181.7,120.8,566.6,354.9,262.5,390.2,435.4,192.5,57.9,397.2,388.6,461.9,380.1,0.0,523.3,248.2,529.2,350.8,417.7
ZH,584.8,67.9,609.9,178.4,155.4,348.9,176.0,333.2,405.7,177.7,299.4,551.3,124.5,498.3,242.2,436.3,226.1,113.2,459.2,145.9,196.3,564.8,121.2,270.4,553.7,198.8,248.3,65.9,236.1,170.1,171.5,538.6,594.3,213.5,251.5,173.8,584.4,481.4,553.8,541.1,349.2,542.7,124.4,603.1,104.6,274.8,168.5,239.4,85.5,619.0,456.2,420.5,192.1,150.7,106.0,436.0,564.0,257.7,377.6,252.9,127.4,470.6,104.8,584.2,438.4,315.5,551.2,357.4,92.8,182.4,571.6,626.3,116.8,305.5,414.1,161.2,601.5,295.2,316.0,587.8,480.7,115.2,99.9,192.7,553.7,399.2,616.7,488.4,401.6,624.4,157.8,480.1,670.6,159.8,584.9,215.8,377.5,145.8,360.1,553.9,596.2,141.5,159.2,469.5,432.3,161.4,169.9,249.1,8.8,97.6,557.9,253.8,447.2,548.7,157.0,303.8,177.9,493.7,280.2,205.5,420.2,357.9,473.9,500.8,376.6,270.5,138.4,254.4,141.8,92.3,69.9,205.3,259.8,537.2,520.6,135.6,223.2,167.7,150.9,207.5,108.4,177.7,149.5,685.2,258.3,441.5,604.2,177.7,619.2,174.4,122.8,2053.7,532.1,501.3,561.0,215.1,479.5,588.9,444.3,96.2,638.1,545.7,151.9,118.1,516.0,506.1,214.5,458.6,231.8,318.7,535.8,0.0,553.7,58.8,420.8,510.8
ZI,123.6,504.1,277.3,582.7,450.6,358.3,393.8,333.5,238.4,513.6,308.8,172.2,560.7,215.0,453.7,262.2,484.4,547.9,257.2,424.2,362.6,11.0,493.5,438.9,263.3,409.7,459.8,474.4,447.0,421.4,501.4,181.2,286.1,440.6,463.0,667.0,295.0,198.7,257.9,294.5,358.6,158.8,507.5,401.1,540.8,533.1,579.9,345.7,575.8,154.4,391.3,429.9,579.9,510.3,604.6,127.3,116.1,457.9,387.0,460.5,626.0,203.7,571.8,256.6,373.5,324.9,123.8,366.8,529.0,424.8,86.2,184.4,489.1,349.1,388.8,566.2,201.6,338.8,350.7,202.3,239.6,490.3,531.1,453.2,170.7,324.2,121.1,286.4,411.0,128.8,651.0,193.2,175.0,686.8,217.0,492.1,386.9,519.7,387.5,192.7,263.6,668.5,563.5,95.9,390.6,419.7,426.5,460.0,560.3,614.2,264.3,512.1,245.2,35.4,645.6,562.1,613.1,226.8,538.5,416.4,355.3,367.3,500.9,259.7,386.0,481.4,521.5,512.7,578.0,567.6,470.4,416.2,518.1,283.0,318.6,634.2,434.1,602.4,567.6,363.5,514.5,513.6,485.3,269.1,516.6,239.5,50.4,513.6,86.4,540.0,649.8,2119.8,274.9,447.6,252.8,473.4,232.9,261.3,157.4,594.8,232.9,247.5,418.4,463.6,214.6,275.8,425.4,416.8,490.1,408.3,269.1,551.5,0.0,557.4,379.0,445.9
ZK,591.0,74.1,616.1,163.0,161.6,355.1,180.9,296.1,411.9,183.9,305.6,557.5,130.7,504.5,248.4,442.5,232.3,137.4,465.4,150.8,202.5,571.0,127.4,276.6,559.9,205.0,254.5,72.1,242.3,176.3,177.7,544.8,600.5,219.7,257.7,153.0,590.6,487.6,560.0,547.3,355.4,548.9,148.6,609.3,110.8,281.0,174.7,241.9,109.7,625.2,462.4,426.7,198.3,156.9,90.6,442.2,570.2,263.9,383.8,259.1,112.0,476.8,141.8,590.4,444.6,321.7,557.4,363.6,99.0,188.6,577.8,632.5,123.0,311.7,420.3,185.4,607.7,301.4,318.5,594.0,486.9,139.4,120.6,198.9,559.9,405.4,622.9,494.6,407.8,630.6,137.0,486.3,676.8,199.0,592.3,222.0,383.7,152.0,362.6,560.1,602.4,180.7,143.8,475.7,438.6,167.6,176.1,255.3,47.9,121.8,568.7,260.0,453.4,554.9,147.7,310.0,177.1,499.9,286.4,211.7,426.4,364.1,476.4,507.0,382.8,276.7,162.6,260.6,148.0,116.5,76.1,211.5,266.0,543.4,526.8,120.2,229.4,191.9,175.1,212.4,132.6,183.9,173.7,691.4,264.5,447.7,610.4,183.9,625.4,180.6,162.0,2059.9,538.3,503.8,567.2,221.3,485.7,595.1,450.5,80.8,644.3,551.9,156.8,124.3,522.2,512.3,220.7,464.8,238.0,321.2,542.0,39.1,559.9,0.0,427.0,517.0
ZL,418.5,354.3,307.0,432.9,300.8,120.3,244.0,183.7,239.4,363.8,121.3,385.0,410.9,332.0,314.3,270.0,334.6,398.1,292.9,274.4,212.8,398.5,343.7,289.1,250.8,259.9,320.4,324.6,297.2,282.0,351.6,372.3,350.2,290.8,323.6,517.2,281.5,315.1,250.9,416.9,71.5,376.4,357.7,372.0,391.0,383.3,430.1,195.9,426.0,452.7,113.7,41.1,430.1,360.5,454.8,269.7,397.7,308.1,82.0,314.0,476.2,304.3,422.0,417.9,132.2,105.2,384.9,63.3,379.2,275.0,405.3,460.0,339.3,199.3,6.6,416.4,298.6,189.0,200.9,336.6,314.4,340.5,384.8,303.4,367.1,232.9,450.4,322.1,19.1,458.1,501.2,313.8,504.3,537.0,282.0,370.8,106.9,369.9,237.7,387.6,293.3,518.7,413.7,303.2,11.4,269.9,278.4,342.6,410.5,464.4,366.8,362.3,280.9,382.4,495.8,412.3,463.3,327.4,388.7,266.6,117.3,126.5,121.8,334.5,44.1,331.6,371.7,362.9,428.2,417.8,320.6,266.4,368.3,370.9,354.3,484.4,284.3,452.6,417.8,213.7,364.7,363.8,335.5,378.6,366.8,275.2,449.8,363.8,427.9,390.2,500.0,1980.4,229.2,68.5,302.1,323.6,313.2,422.6,278.0,445.0,342.4,354.6,268.6,313.8,349.7,339.8,275.6,37.7,340.3,258.5,369.5,401.7,387.4,407.6,0.0,142.6
ZV,491.9,453.1,301.4,531.7,399.6,264.7,342.8,282.5,309.8,462.6,257.8,455.4,509.7,402.4,384.7,340.4,433.4,496.9,363.3,373.2,311.6,474.3,442.5,432.2,245.2,358.7,390.8,423.4,415.9,352.4,450.4,423.4,344.6,389.6,394.0,616.0,275.9,414.4,245.3,410.7,215.9,446.8,456.5,366.4,489.8,482.1,528.9,294.7,524.8,481.1,66.2,185.5,528.9,459.3,553.6,340.1,426.1,406.9,226.4,432.7,575.0,374.7,520.8,488.3,84.7,249.6,455.3,207.7,478.0,373.8,474.1,530.4,438.1,298.1,151.0,515.2,293.0,287.8,299.7,331.0,384.8,439.3,480.1,402.2,361.5,303.3,489.4,392.5,163.5,497.1,600.0,384.2,543.3,635.8,276.4,441.2,251.3,468.7,336.5,458.0,287.7,617.5,512.5,373.6,132.7,368.7,377.2,413.0,509.3,563.2,361.2,461.1,351.3,452.8,594.6,511.1,562.1,397.8,487.5,365.4,139.5,270.9,148.5,404.9,188.5,450.3,470.5,461.7,527.0,516.6,419.4,365.2,467.1,441.3,448.9,583.2,383.1,551.4,516.6,312.5,463.5,462.6,434.3,373.0,465.6,345.6,444.2,462.6,422.3,489.0,598.8,2050.8,223.6,95.2,296.5,422.4,366.8,493.0,348.4,543.8,336.8,349.0,367.4,412.6,420.1,410.2,374.4,106.5,439.1,357.3,439.9,500.5,485.4,506.4,144.3,0.0
